4
  0   0  100   0 W
  0 100  100 100 W
  0   0    0 100 E
  100 0  100 100 X
10
  0   0   25   0 W
 25   0   75   0 W
 75   0  100   0 W							  
 0 100   25 100 W
 25 100   75 100 W
 75 100  100 100 W
  0   0    0 100 E
  100 0  100 100 X
  25  0   25 100 D
  75  0   75 100 D
4
500 500 501 500 E
501 500 501 501 X
501 501 500 501 X
500 501 500 500 E
15
0 0  10 0  W
10 0  11 0 E
11 0  20 0 W
0 0  0 10 W
20 20 20 10 W
0 10 0 20 W
0 20 10 20 W
10 20 20 20 W
20 0  39 0  W
39 0  40 0  X
40 0  20 20 W
20 9  20 0 W
20 9  20 10 D
20 10 21 10 D
21 10  20 9 W
19
0 0  10 0  W
10 0  11 0 E
11 0  20 0 W
0 0  0 10 W
20 20 20 10 W
0 10 0 20 W
0 20 10 20 W
10 20 20 20 W
20 0  39 0  W
39 0  40 0  X
40 0  20 20 W
10 10  0 10 D
10 10  20 10 D
10 10  10 0 D
10 10  10 20 D
20 9  20 0 W
20 9  20 10 D
20 10 21 10 D
21 10  20 9 W
23
0 0  100 0  W
100 0  110 0 E
110 0  200 0 W
0 0  0 100 W
100 200 200 200 W
0 100 0 200 W
0 200 100 200 W
200 0  390 0  W
390 0  400 0  X
400 0  200 200 W
100 100  0 100 D
100 100  200 100 D
100 100  100 0 D
100 100  100 200 D
200 90  200 0 W
200 90  200 100 D
200 100 210 100 D
210 100  200 90 W
200 140 200 100 W
200 200 200 150 W
200 140  200 150 D
200 150 210 150 D
210 150  200 140 W
16
  0 0    200   0  E
200 0    400   0  W
400 0    400 200  X
400 200  400 400  W
200 400  400 400  W
200 400    0 400  W
0   400    0 200  W
0   200      0 0  W
100 100  300 100  D
300 100  300 300  D
300 300  100 300  D
100 300  100 100  D
100 100    0   0  D
100 300    0 400  D
300 300  400 400  D
300 100  400   0  D
24
  0 0    200   0  E
200 0    400   0  W
400 0    400 200  X
400 200  400 400  W
200 400  400 400  W
0   400  200 400  W
0   200    0 400  W
0   200    0   0  W
100 100  300 100  D
300 100  300 300  D
300 300  100 300  D
100 300  100 100  D
100 100    0   0  D
100 300    0 400  D
300 300  400 400  D
300 100  400   0  D
100 100  200   0 D
300 100  200   0 D
300 100  400 200 D
300 300  400 200 D
300 300  200 400 D
100 300  200 400 D
100 300    0 200 D
100 100    0 200 D
24
  0 0    200   0  E
200 0    400   0  W
400 0    400 200  X
400 200  400 400  W
200 400  400 400  W
0   400  200 400  W
0   400    0 200  W
0   200    0   0  W
100 100  300 100  W
300 100  300 300  W
300 300  100 300  W
100 300  100 100  W
100 100    0   0  D
100 300    0 400  D
300 300  400 400  D
300 100  400   0  D
100 100  200   0 D
300 100  200   0 D
300 100  400 200 D
300 300  400 200 D
300 300  200 400 D
100 300  200 400 D
100 300    0 200 D
100 100    0 200 D
23
0 0 0 1 E
0 1 0 1000 W
0 1000 500 1000 W
500 1000 1000 1000 W
1000 1000 1000 999 X
1000 999 1000 1 W
1000   1 1000 0 W
1000 0 0 0 W
0 1 1000 0 D
1000 1 760 1 W
760 1 750 1 D
750 1 500 1 W
500 1 250 1 W
250 1 240 1 D
240 1 0 1 W
500 1 500 500 W
500 500 1000 1000 W
500 500 0 1000 W
760 1 762 10 W
762 10 748 10 D
748 10 750 1 W
748 10 500 500 D
762 10 1000 999 W
20
0 0 0 1 E
0 1 0 1000 W
0 1000 500 1000 W
500 1000 1000 1000 W
1000 1000 1000 999 X
1000 999 1000 1 W
1000   1 1000 0 W
1000 0 0 0 W
0 1 1000 0 D
1000 1 760 1 W
760 1 750 1 D
750 1 500 1 W
500 1 250 1 W
250 1 240 1 D
240 1 0 1 W
500 1 500 500 W
500 500 1000 1000 W
500 500 0 1000 W
750 1 500 500 D
760 1 1000 999 W
25
0 0 0 500 E
0 500 0 1000 E
0 1000 250 1000 W
250 1000 350 1000 W
350 1000 1000 1000 W
1000 1000 1000 100 X
1000 100 1000 0 X
1000 0 350 0 W
350 0 250 0 W
250 0 0 0 W
0 500 250 500 W
250 500 250 250 D
250 250 250 0 D
250 500 250 750 D
250 750 250 1000 D
250 250 350 250 W
250 500 350 500 W
250 750 350 750 W
350 250 250 0 W
350 750 250 1000 D
350 500 500 250 D
350 500 500 750 D
500 250 350 0 W
500 750 350 1000 W
350 500 1000 100 W
26
20 40 30 40 W
30 40 20 50 D
20 40 20 50 E
30 40 50 40 W
50 40 50 50 W
50 50 50 60 D
50 60 50 70 D
50 70 50 80 W
50 80 20 50 W
50 80 80 60 W
50 40 70 40 W
70 40 70 50 D
70 50 70 60 W
70 60 50 60 W
70 60 80 60 D
70 40 70 10 W
70 10 80 60 D
80 60 80 10 W
80 10 70 10 D
80 10 80 0 W
80 0 60 0 W
60 10 60 0 W
60 10 70 10 D
60 10 0 10 W
0 10 10 20 X
10 20 70 10 W
34
0 0 1 0 X
0 1 0 0 W
0 1 1 1 W
0 2 0 1 W
0 3 0 2 W
0 4 0 3 W
0 4 1 4 E
1 0 2 0 W
1 1 2 1 D
1 2 1 1 D
1 2 2 2 D
1 3 1 2 D
1 3 2 3 D
1 4 1 3 W
1 4 2 4 W
2 0 3 0 W
2 1 2 0 W
2 1 3 1 D
2 2 2 1 D
2 2 3 2 D
2 3 2 2 D
2 3 3 3 D
2 4 3 4 W
3 0 4 0 E
3 1 3 0 D
3 1 4 1 W
3 2 3 1 D
3 2 4 2 W
3 3 3 2 D
3 4 4 4 W
4 1 4 0 W
4 2 4 1 W
4 3 4 2 W
4 4 4 3 X
531
1 5 2 5 X
1 6 1 5 W
1 7 1 6 W
1 8 1 7 W
1 8 2 8 W
1 9 1 8 W
1 9 2 9 W
1 10 1 9 W
1 10 2 10 W
1 11 1 10 W
1 11 2 11 W
1 12 1 11 W
1 12 2 12 W
1 13 1 12 W
1 13 2 13 W
1 14 1 13 W
1 14 2 14 W
1 15 1 14 W
1 15 2 15 W
1 16 1 15 W
1 16 2 16 W
1 17 1 16 W
1 17 2 17 W
1 18 1 17 W
1 18 2 18 W
1 19 1 18 W
1 20 1 19 W
1 21 1 20 E
1 21 2 21 W
2 5 3 5 W
2 6 3 6 D
2 7 2 6 D
2 7 3 7 D
2 8 2 7 D
2 8 3 8 D
2 9 2 8 D
2 9 3 9 D
2 10 2 9 D
2 10 3 10 D
2 11 2 10 D
2 11 3 11 D
2 12 2 11 D
2 12 3 12 D
2 13 2 12 D
2 13 3 13 D
2 14 2 13 D
2 14 3 14 D
2 15 2 14 D
2 15 3 15 D
2 16 2 15 D
2 16 3 16 D
2 17 2 16 D
2 17 3 17 D
2 18 2 17 D
2 18 3 18 D
2 19 2 18 D
2 19 3 19 D
2 20 2 19 D
2 20 3 20 D
2 21 3 21 W
3 5 4 5 W
3 6 4 6 D
3 7 3 6 D
3 7 4 7 D
3 8 3 7 D
3 8 4 8 D
3 9 3 8 D
3 9 4 9 D
3 10 3 9 D
3 10 4 10 D
3 11 3 10 D
3 11 4 11 D
3 12 3 11 D
3 12 4 12 D
3 13 3 12 D
3 13 4 13 D
3 14 3 13 D
3 14 4 14 D
3 15 3 14 D
3 15 4 15 D
3 16 3 15 D
3 16 4 16 D
3 17 3 16 D
3 17 4 17 D
3 18 3 17 D
3 18 4 18 D
3 19 3 18 D
3 19 4 19 D
3 20 3 19 D
3 20 4 20 D
3 21 3 20 W
3 21 4 21 W
4 5 5 5 W
4 6 5 6 D
4 7 4 6 D
4 7 5 7 D
4 8 4 7 D
4 8 5 8 D
4 9 4 8 D
4 9 5 9 D
4 10 4 9 D
4 10 5 10 D
4 11 4 10 D
4 11 5 11 D
4 12 4 11 D
4 12 5 12 D
4 13 4 12 D
4 13 5 13 D
4 14 4 13 D
4 14 5 14 D
4 15 4 14 D
4 15 5 15 D
4 16 4 15 D
4 16 5 16 D
4 17 4 16 D
4 17 5 17 D
4 18 4 17 D
4 18 5 18 D
4 19 4 18 D
4 19 5 19 D
4 20 4 19 D
4 20 5 20 D
4 21 4 20 W
4 21 5 21 W
5 5 6 5 W
5 6 5 5 W
5 6 6 6 D
5 7 5 6 D
5 7 6 7 D
5 8 5 7 D
5 8 6 8 D
5 9 5 8 D
5 9 6 9 D
5 10 5 9 D
5 10 6 10 D
5 11 5 10 D
5 11 6 11 D
5 12 5 11 D
5 12 6 12 D
5 13 5 12 D
5 13 6 13 D
5 14 5 13 D
5 14 6 14 D
5 15 5 14 D
5 15 6 15 D
5 16 5 15 D
5 16 6 16 D
5 17 5 16 D
5 17 6 17 D
5 18 5 17 D
5 18 6 18 D
5 19 5 18 D
5 19 6 19 D
5 20 5 19 D
5 20 6 20 D
5 21 5 20 W
5 21 6 21 W
6 5 7 5 W
6 6 6 5 W
6 6 7 6 D
6 7 6 6 D
6 7 7 7 D
6 8 6 7 D
6 8 7 8 D
6 9 6 8 D
6 9 7 9 D
6 10 6 9 D
6 10 7 10 D
6 11 6 10 D
6 11 7 11 D
6 12 6 11 D
6 12 7 12 D
6 13 6 12 D
6 13 7 13 D
6 14 6 13 D
6 14 7 14 D
6 15 6 14 D
6 15 7 15 D
6 16 6 15 D
6 16 7 16 D
6 17 6 16 D
6 17 7 17 D
6 18 6 17 D
6 18 7 18 D
6 19 6 18 D
6 19 7 19 D
6 20 6 19 D
6 20 7 20 D
6 21 6 20 W
6 21 7 21 W
7 5 8 5 W
7 6 7 5 W
7 6 8 6 D
7 7 7 6 D
7 7 8 7 D
7 8 7 7 D
7 8 8 8 D
7 9 7 8 D
7 9 8 9 D
7 10 7 9 D
7 10 8 10 D
7 11 7 10 D
7 11 8 11 D
7 12 7 11 D
7 12 8 12 D
7 13 7 12 D
7 13 8 13 D
7 14 7 13 D
7 14 8 14 D
7 15 7 14 D
7 15 8 15 D
7 16 7 15 D
7 16 8 16 D
7 17 7 16 D
7 17 8 17 D
7 18 7 17 D
7 18 8 18 D
7 19 7 18 D
7 19 8 19 D
7 20 7 19 D
7 20 8 20 D
7 21 7 20 W
7 21 8 21 W
8 5 9 5 W
8 6 8 5 W
8 6 9 6 D
8 7 8 6 D
8 7 9 7 D
8 8 8 7 D
8 8 9 8 D
8 9 8 8 D
8 9 9 9 D
8 10 8 9 D
8 10 9 10 D
8 11 8 10 D
8 11 9 11 D
8 12 8 11 D
8 12 9 12 D
8 13 8 12 D
8 13 9 13 D
8 14 8 13 D
8 14 9 14 D
8 15 8 14 D
8 15 9 15 D
8 16 8 15 D
8 16 9 16 D
8 17 8 16 D
8 17 9 17 D
8 18 8 17 D
8 18 9 18 D
8 19 8 18 D
8 19 9 19 D
8 20 8 19 D
8 20 9 20 D
8 21 8 20 W
8 21 9 21 W
9 5 10 5 W
9 6 9 5 W
9 6 10 6 D
9 7 9 6 D
9 7 10 7 D
9 8 9 7 D
9 8 10 8 D
9 9 9 8 D
9 9 10 9 D
9 10 9 9 D
9 10 10 10 D
9 11 9 10 D
9 11 10 11 D
9 12 9 11 D
9 12 10 12 D
9 13 9 12 D
9 13 10 13 D
9 14 9 13 D
9 14 10 14 D
9 15 9 14 D
9 15 10 15 D
9 16 9 15 D
9 16 10 16 D
9 17 9 16 D
9 17 10 17 D
9 18 9 17 D
9 18 10 18 D
9 19 9 18 D
9 19 10 19 D
9 20 9 19 D
9 20 10 20 D
9 21 9 20 W
9 21 10 21 W
10 5 11 5 W
10 6 10 5 W
10 6 11 6 D
10 7 10 6 D
10 7 11 7 D
10 8 10 7 D
10 8 11 8 D
10 9 10 8 D
10 9 11 9 D
10 10 10 9 D
10 10 11 10 D
10 11 10 10 D
10 11 11 11 D
10 12 10 11 D
10 12 11 12 D
10 13 10 12 D
10 13 11 13 D
10 14 10 13 D
10 14 11 14 D
10 15 10 14 D
10 15 11 15 D
10 16 10 15 D
10 16 11 16 D
10 17 10 16 D
10 17 11 17 D
10 18 10 17 D
10 18 11 18 D
10 19 10 18 D
10 19 11 19 D
10 20 10 19 D
10 20 11 20 D
10 21 10 20 W
10 21 11 21 W
11 5 12 5 W
11 6 11 5 W
11 6 12 6 D
11 7 11 6 D
11 7 12 7 D
11 8 11 7 D
11 8 12 8 D
11 9 11 8 D
11 9 12 9 D
11 10 11 9 D
11 10 12 10 D
11 11 11 10 D
11 11 12 11 D
11 12 11 11 D
11 12 12 12 D
11 13 11 12 D
11 13 12 13 D
11 14 11 13 D
11 14 12 14 D
11 15 11 14 D
11 15 12 15 D
11 16 11 15 D
11 16 12 16 D
11 17 11 16 D
11 17 12 17 D
11 18 11 17 D
11 18 12 18 D
11 19 11 18 D
11 19 12 19 D
11 20 11 19 D
11 20 12 20 D
11 21 11 20 W
11 21 12 21 W
12 5 13 5 W
12 6 12 5 W
12 6 13 6 D
12 7 12 6 D
12 7 13 7 D
12 8 12 7 D
12 8 13 8 D
12 9 12 8 D
12 9 13 9 D
12 10 12 9 D
12 10 13 10 D
12 11 12 10 D
12 11 13 11 D
12 12 12 11 D
12 12 13 12 D
12 13 12 12 D
12 13 13 13 D
12 14 12 13 D
12 14 13 14 D
12 15 12 14 D
12 15 13 15 D
12 16 12 15 D
12 16 13 16 D
12 17 12 16 D
12 17 13 17 D
12 18 12 17 D
12 18 13 18 D
12 19 12 18 D
12 19 13 19 D
12 20 12 19 D
12 20 13 20 D
12 21 12 20 W
12 21 13 21 W
13 5 14 5 W
13 6 13 5 W
13 6 14 6 D
13 7 13 6 D
13 7 14 7 D
13 8 13 7 D
13 8 14 8 D
13 9 13 8 D
13 9 14 9 D
13 10 13 9 D
13 10 14 10 D
13 11 13 10 D
13 11 14 11 D
13 12 13 11 D
13 12 14 12 D
13 13 13 12 D
13 13 14 13 D
13 14 13 13 D
13 14 14 14 D
13 15 13 14 D
13 15 14 15 D
13 16 13 15 D
13 16 14 16 D
13 17 13 16 D
13 17 14 17 D
13 18 13 17 D
13 18 14 18 D
13 19 13 18 D
13 19 14 19 D
13 20 13 19 D
13 20 14 20 D
13 21 13 20 W
13 21 14 21 W
14 5 15 5 W
14 6 14 5 W
14 6 15 6 D
14 7 14 6 D
14 7 15 7 D
14 8 14 7 D
14 8 15 8 D
14 9 14 8 D
14 9 15 9 D
14 10 14 9 D
14 10 15 10 D
14 11 14 10 D
14 11 15 11 D
14 12 14 11 D
14 12 15 12 D
14 13 14 12 D
14 13 15 13 D
14 14 14 13 D
14 14 15 14 D
14 15 14 14 D
14 15 15 15 D
14 16 14 15 D
14 16 15 16 D
14 17 14 16 D
14 17 15 17 D
14 18 14 17 D
14 18 15 18 D
14 19 14 18 D
14 19 15 19 D
14 20 14 19 D
14 20 15 20 D
14 21 14 20 W
14 21 15 21 W
15 5 16 5 W
15 6 15 5 W
15 6 16 6 D
15 7 15 6 D
15 7 16 7 D
15 8 15 7 D
15 8 16 8 D
15 9 15 8 D
15 9 16 9 D
15 10 15 9 D
15 10 16 10 D
15 11 15 10 D
15 11 16 11 D
15 12 15 11 D
15 12 16 12 D
15 13 15 12 D
15 13 16 13 D
15 14 15 13 D
15 14 16 14 D
15 15 15 14 D
15 15 16 15 D
15 16 15 15 D
15 16 16 16 D
15 17 15 16 D
15 17 16 17 D
15 18 15 17 D
15 18 16 18 D
15 19 15 18 D
15 19 16 19 D
15 20 15 19 D
15 20 16 20 D
15 21 15 20 W
15 21 16 21 W
16 5 17 5 E
16 7 16 6 D
16 8 16 7 D
16 8 17 8 W
16 9 16 8 D
16 9 17 9 W
16 10 16 9 D
16 10 17 10 W
16 11 16 10 D
16 11 17 11 W
16 12 16 11 D
16 12 17 12 W
16 13 16 12 D
16 13 17 13 W
16 14 16 13 D
16 14 17 14 W
16 15 16 14 D
16 15 17 15 W
16 16 16 15 D
16 16 17 16 W
16 17 16 16 D
16 17 17 17 W
16 18 16 17 D
16 18 17 18 W
16 19 16 18 D
16 19 17 19 W
16 20 16 19 D
16 21 17 21 X
17 6 17 5 W
17 7 17 6 W
17 8 17 7 W
17 9 17 8 W
17 10 17 9 W
17 11 17 10 W
17 12 17 11 W
17 13 17 12 W
17 14 17 13 W
17 15 17 14 W
17 16 17 15 W
17 17 17 16 W
17 18 17 17 W
17 19 17 18 W
17 20 17 19 W
17 21 17 20 W
277
1 6 1 5 W
1 6 2 6 W
1 7 1 6 W
1 7 2 7 W
1 8 1 7 W
1 8 2 8 W
1 9 1 8 W
1 9 2 9 W
1 10 1 9 W
1 10 2 10 W
1 11 1 10 W
1 11 2 11 W
1 12 1 11 W
1 12 2 12 W
1 13 1 12 W
1 13 2 13 W
1 14 1 13 W
1 14 2 14 W
1 15 1 14 W
1 15 2 15 W
1 16 1 15 W
1 16 2 16 W
1 17 1 16 W
1 17 2 17 W
1 18 1 17 W
1 18 2 18 W
1 19 1 18 W
1 19 2 19 W
1 20 1 19 W
1 20 2 20 W
1 21 1 20 E
1 21 2 21 W
2 5 3 5 W
2 6 3 6 W
2 7 2 6 W
2 7 3 7 W
2 8 2 7 W
2 9 2 8 W
2 10 2 9 W
2 11 2 10 W
2 12 2 11 W
2 12 3 12 W
2 13 2 12 W
2 13 3 13 W
2 14 2 13 W
2 14 3 14 W
2 15 2 14 W
2 15 3 15 W
2 16 2 15 W
2 17 2 16 W
2 18 2 17 W
2 19 2 18 W
2 19 3 19 W
2 20 2 19 W
2 20 3 20 W
2 21 3 21 W
3 5 4 5 W
3 6 4 6 D
3 7 3 6 W
3 13 3 12 W
3 13 4 13 W
3 14 3 13 W
3 14 4 14 W
3 15 3 14 W
3 20 3 19 W
3 20 4 20 D
3 21 4 21 W
4 5 5 5 W
4 6 4 5 W
4 6 5 6 W
4 13 5 13 W
4 14 4 13 W
4 14 5 14 W
4 20 5 20 W
4 21 4 20 W
4 21 5 21 W
5 5 6 5 W
5 6 5 5 W
5 6 6 6 W
5 7 5 6 W
5 7 6 7 W
5 12 6 12 W
5 13 5 12 W
5 13 6 13 W
5 14 5 13 W
5 14 6 14 W
5 15 5 14 W
5 15 6 15 W
5 19 6 19 W
5 20 5 19 W
5 20 6 20 W
5 21 5 20 W
5 21 6 21 W
6 5 7 5 W
6 6 6 5 W
6 6 7 6 W
6 7 6 6 W
6 7 7 7 W
6 8 6 7 W
6 8 7 8 W
6 9 6 8 W
6 10 6 9 D
6 11 6 10 W
6 12 6 11 W
6 13 6 12 W
6 14 6 13 W
6 15 6 14 W
6 16 6 15 W
6 17 6 16 W
6 18 6 17 D
6 19 6 18 W
6 19 7 19 W
6 20 6 19 W
6 20 7 20 W
6 21 6 20 W
6 21 7 21 W
7 5 8 5 W
7 6 7 5 W
7 6 8 6 W
7 7 7 6 W
7 7 8 7 W
7 8 7 7 W
7 20 7 19 W
7 20 8 20 W
7 21 7 20 W
7 21 8 21 W
8 5 9 5 W
8 6 8 5 W
8 6 9 6 W
8 7 8 6 W
8 7 9 7 W
8 20 9 20 W
8 21 8 20 W
8 21 9 21 W
9 5 10 5 W
9 6 9 5 W
9 6 10 6 W
9 7 9 6 W
9 7 10 7 W
9 20 10 20 W
9 21 9 20 W
9 21 10 21 W
10 5 11 5 W
10 6 10 5 W
10 6 11 6 W
10 7 10 6 W
10 7 11 7 W
10 8 10 7 W
10 8 11 8 W
10 19 11 19 W
10 20 10 19 W
10 20 11 20 W
10 21 10 20 W
10 21 11 21 W
11 5 12 5 W
11 6 11 5 W
11 6 12 6 W
11 7 11 6 W
11 7 12 7 W
11 8 11 7 W
11 8 12 8 W
11 9 11 8 W
11 11 11 10 W
11 11 12 11 W
11 12 11 11 W
11 12 12 12 W
11 13 11 12 W
11 13 12 13 W
11 14 11 13 W
11 14 12 14 W
11 15 11 14 W
11 15 12 15 W
11 16 11 15 W
11 16 12 16 W
11 17 11 16 W
11 17 12 17 W
11 18 11 17 W
11 18 12 18 W
11 19 11 18 W
11 19 12 19 W
11 20 11 19 W
11 20 12 20 W
11 21 11 20 W
11 21 12 21 W
12 5 13 5 W
12 6 12 5 W
12 6 13 6 W
12 7 12 6 W
12 7 13 7 W
12 8 12 7 W
12 8 13 8 W
12 11 13 11 W
12 12 12 11 W
12 12 13 12 W
12 13 12 12 W
12 14 12 13 W
12 15 12 14 W
12 16 12 15 W
12 17 12 16 W
12 18 12 17 W
12 19 12 18 W
12 19 13 19 W
12 20 12 19 W
12 20 13 20 W
12 21 12 20 W
12 21 13 21 W
13 5 14 5 W
13 6 13 5 W
13 6 14 6 W
13 7 13 6 W
13 7 14 7 W
13 8 13 7 W
13 8 14 8 W
13 11 14 11 W
13 12 13 11 W
13 12 14 12 W
13 20 13 19 W
13 20 14 20 W
13 21 13 20 W
13 21 14 21 W
14 5 15 5 W
14 6 14 5 W
14 6 15 6 W
14 7 14 6 W
14 7 15 7 W
14 8 14 7 W
14 8 15 8 W
14 11 15 11 D
14 12 14 11 W
14 12 15 12 D
14 20 15 20 W
14 21 14 20 W
14 21 15 21 W
15 5 16 5 W
15 6 15 5 W
15 7 15 6 W
15 8 15 7 W
15 11 16 11 W
15 12 15 11 W
15 12 16 12 W
15 20 16 20 W
15 21 15 20 W
15 21 16 21 W
16 5 17 5 X
16 6 17 6 W
16 7 16 6 W
16 7 17 7 W
16 8 16 7 W
16 8 17 8 W
16 11 17 11 W
16 12 16 11 W
16 12 17 12 W
16 13 16 12 W
16 13 17 13 W
16 20 17 20 D
16 21 16 20 W
16 21 17 21 X
17 6 17 5 W
17 7 17 6 W
17 8 17 7 W
17 9 17 8 W
17 10 17 9 W
17 11 17 10 W
17 12 17 11 W
17 13 17 12 W
17 14 17 13 W
17 15 17 14 W
17 16 17 15 W
17 17 17 16 W
17 18 17 17 W
17 19 17 18 W
17 20 17 19 W
17 21 17 20 W
15 8 16 8 D
11 10 11 9 D
6 13 11 14 D
2 5 1 5 E
273
1 6 1 5 W
1 6 2 6 W
1 7 1 6 W
1 7 2 7 W
1 8 1 7 W
1 8 2 8 W
1 9 1 8 W
1 9 2 9 W
1 10 1 9 W
1 10 2 10 W
1 11 1 10 W
1 11 2 11 W
1 12 1 11 W
1 12 2 12 W
1 13 1 12 W
1 13 2 13 W
1 14 1 13 W
1 14 2 14 W
1 15 1 14 W
1 15 2 15 W
1 16 1 15 W
1 16 2 16 W
1 17 1 16 W
1 17 2 17 W
1 18 1 17 W
1 18 2 18 W
1 19 1 18 W
1 19 2 19 W
1 20 1 19 W
1 20 2 20 W
1 21 1 20 E
1 21 2 21 W
2 5 3 5 W
2 6 3 6 W
2 7 2 6 W
2 7 3 7 W
2 8 2 7 W
2 9 2 8 W
2 10 2 9 W
2 11 2 10 W
2 12 2 11 W
2 12 3 12 W
2 13 2 12 W
2 13 3 13 W
2 14 2 13 W
2 14 3 14 W
2 15 2 14 W
2 15 3 15 W
2 16 2 15 W
2 17 2 16 W
2 18 2 17 W
2 19 2 18 W
2 19 3 19 W
2 20 2 19 W
2 20 3 20 W
2 21 3 21 W
3 5 4 5 W
3 7 3 6 W
3 13 3 12 W
3 13 4 13 W
3 14 3 13 W
3 14 4 14 W
3 15 3 14 W
3 20 3 19 W
3 21 4 21 W
4 5 5 5 W
4 6 4 5 W
4 6 5 6 W
4 13 5 13 W
4 14 4 13 W
4 14 5 14 W
4 20 5 20 W
4 21 4 20 W
4 21 5 21 W
5 5 6 5 W
5 6 5 5 W
5 6 6 6 W
5 7 5 6 W
5 7 6 7 W
5 12 6 12 W
5 13 5 12 W
5 13 6 13 W
5 14 5 13 W
5 14 6 14 W
5 15 5 14 W
5 15 6 15 W
5 19 6 19 W
5 20 5 19 W
5 20 6 20 W
5 21 5 20 W
5 21 6 21 W
6 5 7 5 W
6 6 6 5 W
6 6 7 6 W
6 7 6 6 W
6 7 7 7 W
6 8 6 7 W
6 8 7 8 W
6 9 6 8 W
6 10 6 9 D
6 11 6 10 W
6 12 6 11 W
6 13 6 12 W
6 14 6 13 W
6 15 6 14 W
6 16 6 15 W
6 17 6 16 W
6 18 6 17 D
6 19 6 18 W
6 19 7 19 W
6 20 6 19 W
6 20 7 20 W
6 21 6 20 W
6 21 7 21 W
7 5 8 5 W
7 6 7 5 W
7 6 8 6 W
7 7 7 6 W
7 7 8 7 W
7 8 7 7 W
7 20 7 19 W
7 20 8 20 W
7 21 7 20 W
7 21 8 21 W
8 5 9 5 W
8 6 8 5 W
8 6 9 6 W
8 7 8 6 W
8 7 9 7 W
8 20 9 20 W
8 21 8 20 W
8 21 9 21 W
9 5 10 5 W
9 6 9 5 W
9 6 10 6 W
9 7 9 6 W
9 7 10 7 W
9 20 10 20 W
9 21 9 20 W
9 21 10 21 W
10 5 11 5 W
10 6 10 5 W
10 6 11 6 W
10 7 10 6 W
10 7 11 7 W
10 8 10 7 W
10 8 11 8 W
10 19 11 19 W
10 20 10 19 W
10 20 11 20 W
10 21 10 20 W
10 21 11 21 W
11 5 12 5 W
11 6 11 5 W
11 6 12 6 W
11 7 11 6 W
11 7 12 7 W
11 8 11 7 W
11 8 12 8 W
11 9 11 8 W
11 11 11 10 W
11 11 12 11 W
11 12 11 11 W
11 12 12 12 W
11 13 11 12 W
11 13 12 13 W
11 14 11 13 W
11 14 12 14 W
11 15 11 14 W
11 15 12 15 W
11 16 11 15 W
11 16 12 16 W
11 17 11 16 W
11 17 12 17 W
11 18 11 17 W
11 18 12 18 W
11 19 11 18 W
11 19 12 19 W
11 20 11 19 W
11 20 12 20 W
11 21 11 20 W
11 21 12 21 W
12 5 13 5 W
12 6 12 5 W
12 6 13 6 W
12 7 12 6 W
12 7 13 7 W
12 8 12 7 W
12 8 13 8 W
12 11 13 11 W
12 12 12 11 W
12 12 13 12 W
12 13 12 12 W
12 14 12 13 W
12 15 12 14 W
12 16 12 15 W
12 17 12 16 W
12 18 12 17 W
12 19 12 18 W
12 19 13 19 W
12 20 12 19 W
12 20 13 20 W
12 21 12 20 W
12 21 13 21 W
13 5 14 5 W
13 6 13 5 W
13 6 14 6 W
13 7 13 6 W
13 7 14 7 W
13 8 13 7 W
13 8 14 8 W
13 11 14 11 W
13 12 13 11 W
13 12 14 12 W
13 20 13 19 W
13 20 14 20 W
13 21 13 20 W
13 21 14 21 W
14 5 15 5 W
14 6 14 5 W
14 6 15 6 W
14 7 14 6 W
14 7 15 7 W
14 8 14 7 W
14 8 15 8 W
14 11 15 11 D
14 12 14 11 W
14 12 15 12 D
14 20 15 20 W
14 21 14 20 W
14 21 15 21 W
15 5 16 5 W
15 6 15 5 W
15 7 15 6 W
15 8 15 7 W
15 11 16 11 W
15 12 15 11 W
15 12 16 12 W
15 20 16 20 W
15 21 15 20 W
15 21 16 21 W
16 5 17 5 X
16 6 17 6 W
16 7 16 6 W
16 7 17 7 W
16 8 16 7 W
16 8 17 8 W
16 11 17 11 W
16 12 16 11 W
16 12 17 12 W
16 13 16 12 W
16 13 17 13 W
16 21 16 20 W
16 21 17 21 X
17 6 17 5 W
17 7 17 6 W
17 8 17 7 W
17 9 17 8 W
17 10 17 9 W
17 11 17 10 W
17 12 17 11 W
17 13 17 12 W
17 14 17 13 W
17 15 17 14 W
17 16 17 15 W
17 17 17 16 W
17 18 17 17 W
17 19 17 18 W
17 20 17 19 W
17 21 17 20 W
11 10 11 9 D
6 13 11 14 D
2 5 1 5 E
300
1 5 2 5 X
1 6 1 5 W
1 7 1 6 W
1 8 1 7 W
1 9 1 8 W
1 10 1 9 W
1 10 2 10 W
1 11 1 10 W
1 11 2 11 W
1 12 1 11 W
1 12 2 12 W
1 13 1 12 W
1 13 2 13 W
1 14 1 13 W
1 14 2 14 W
1 15 1 14 W
1 15 2 15 W
1 16 1 15 W
1 16 2 16 W
1 17 1 16 W
1 17 2 17 W
1 18 1 17 W
1 18 2 18 W
1 19 1 18 W
1 19 2 19 W
1 20 1 19 W
1 20 2 20 W
1 21 1 20 E
1 21 2 21 W
2 5 3 5 W
2 11 2 10 W
2 11 3 11 W
2 12 3 12 D
2 13 2 12 W
2 14 2 13 W
2 15 2 14 W
2 16 2 15 W
2 17 2 16 W
2 18 2 17 W
2 19 2 18 W
2 20 2 19 W
2 20 3 20 D
2 21 3 21 W
3 5 4 5 W
3 11 4 11 W
3 12 4 12 W
3 13 3 12 W
3 13 4 13 W
3 14 3 13 W
3 14 4 14 W
3 15 3 14 W
3 15 4 15 W
3 16 3 15 W
3 16 4 16 W
3 17 3 16 W
3 17 4 17 W
3 18 3 17 W
3 18 4 18 W
3 19 3 18 W
3 19 4 19 W
3 20 3 19 W
3 20 4 20 W
3 21 4 21 W
4 5 5 5 W
4 11 5 11 W
4 12 5 12 D
4 13 4 12 W
4 14 4 13 W
4 15 4 14 W
4 16 4 15 W
4 17 4 16 W
4 18 4 17 W
4 19 4 18 W
4 20 4 19 W
4 20 5 20 D
4 21 5 21 W
5 5 6 5 W
5 11 6 11 W
5 12 6 12 W
5 13 5 12 W
5 13 6 13 W
5 14 5 13 W
5 14 6 14 W
5 15 5 14 W
5 15 6 15 W
5 16 5 15 W
5 16 6 16 W
5 17 5 16 W
5 17 6 17 W
5 18 5 17 W
5 18 6 18 W
5 19 5 18 W
5 19 6 19 W
5 20 5 19 W
5 20 6 20 W
6 5 7 5 W
6 11 7 11 W
6 12 7 12 D
6 13 6 12 W
6 14 6 13 W
6 15 6 14 W
6 16 6 15 W
6 17 6 16 W
6 18 6 17 W
6 19 6 18 W
6 20 6 19 W
6 20 7 20 D
6 21 7 21 W
7 5 8 5 W
7 11 8 11 W
7 12 8 12 W
7 13 7 12 W
7 13 8 13 W
7 14 7 13 W
7 14 8 14 W
7 15 7 14 W
7 15 8 15 W
7 16 7 15 W
7 16 8 16 W
7 17 7 16 W
7 17 8 17 W
7 18 7 17 W
7 18 8 18 W
7 19 7 18 W
7 19 8 19 W
7 20 7 19 W
7 20 8 20 W
7 21 8 21 W
8 5 9 5 W
8 11 9 11 W
8 12 9 12 D
8 13 8 12 W
8 14 8 13 W
8 15 8 14 W
8 16 8 15 W
8 17 8 16 W
8 18 8 17 W
8 19 8 18 W
8 20 8 19 W
8 20 9 20 D
8 21 9 21 W
9 5 10 5 W
9 11 10 11 W
9 12 10 12 W
9 13 9 12 W
9 13 10 13 W
9 14 9 13 W
9 14 10 14 W
9 15 9 14 W
9 15 10 15 W
9 16 9 15 W
9 16 10 16 W
9 17 9 16 W
9 17 10 17 W
9 18 9 17 W
9 18 10 18 W
9 19 9 18 W
9 19 10 19 W
9 20 9 19 W
9 20 10 20 W
9 21 10 21 W
10 5 11 5 W
10 11 11 11 W
10 12 11 12 D
10 13 10 12 W
10 14 10 13 W
10 15 10 14 W
10 16 10 15 W
10 17 10 16 W
10 18 10 17 W
10 19 10 18 W
10 20 10 19 W
10 20 11 20 D
10 21 11 21 W
11 5 12 5 W
11 11 12 11 D
11 12 12 12 W
11 13 11 12 W
11 13 12 13 W
11 14 11 13 W
11 14 12 14 W
11 15 11 14 W
11 15 12 15 W
11 16 11 15 W
11 16 12 16 W
11 17 11 16 W
11 17 12 17 W
11 18 11 17 W
11 18 12 18 W
11 19 11 18 W
11 19 12 19 W
11 20 11 19 W
11 20 12 20 W
11 21 12 21 W
12 5 13 5 W
12 11 13 11 W
12 12 13 12 D
12 13 12 12 W
12 14 12 13 W
12 15 12 14 W
12 16 12 15 W
12 17 12 16 W
12 18 12 17 W
12 19 12 18 W
12 20 12 19 W
12 20 13 20 D
12 21 13 21 W
13 5 14 5 W
13 11 14 11 W
13 12 14 12 W
13 13 13 12 W
13 13 14 13 W
13 14 13 13 W
13 14 14 14 W
13 15 13 14 W
13 15 14 15 W
13 16 13 15 W
13 16 14 16 W
13 17 13 16 W
13 17 14 17 W
13 18 13 17 W
13 18 14 18 W
13 19 13 18 W
13 19 14 19 W
13 20 13 19 W
13 20 14 20 W
13 21 14 21 W
14 5 15 5 W
14 11 15 11 W
14 12 15 12 D
14 13 14 12 W
14 14 14 13 W
14 15 14 14 W
14 16 14 15 W
14 17 14 16 W
14 18 14 17 W
14 19 14 18 W
14 20 14 19 W
14 20 15 20 D
14 21 15 21 W
15 5 16 5 W
15 11 16 11 W
15 12 16 12 W
15 13 15 12 W
15 13 16 13 W
15 14 15 13 W
15 14 16 14 W
15 15 15 14 W
15 15 16 15 W
15 16 15 15 W
15 16 16 16 W
15 17 15 16 W
15 17 16 17 W
15 18 15 17 W
15 18 16 18 W
15 19 15 18 W
15 19 16 19 W
15 20 15 19 W
15 20 16 20 W
15 21 16 21 W
16 5 17 5 W
16 10 17 10 W
16 11 16 10 W
16 11 17 11 W
16 12 17 12 D
16 13 16 12 W
16 14 16 13 W
16 15 16 14 W
16 16 16 15 W
16 17 16 16 W
16 18 16 17 W
16 19 16 18 W
16 20 16 19 W
16 21 16 20 W
16 21 17 21 X
17 6 17 5 W
17 7 17 6 W
17 8 17 7 W
17 9 17 8 W
17 10 17 9 W
17 11 17 10 W
17 12 17 11 W
17 13 17 12 W
17 14 17 13 W
17 15 17 14 W
17 16 17 15 W
17 17 17 16 W
17 18 17 17 W
17 19 17 18 W
17 20 17 19 W
17 21 17 20 W
5 21 5 22 W
6 21 6 22 W
4 21 4 22 W
7 21 7 22 W
4 22 5 22 W
6 22 7 22 W
1 21 1 26 W
16 21 16 26 W
1 26 16 26 W
410
1 5 2 5 X
1 6 1 5 W
1 6 2 6 W
1 7 1 6 W
1 7 2 7 W
1 8 1 7 W
1 8 2 8 W
1 9 1 8 W
1 9 2 9 W
1 10 1 9 W
1 10 2 10 W
1 11 1 10 W
1 11 2 11 W
1 12 1 11 W
1 12 2 12 W
1 13 1 12 W
1 13 2 13 W
1 14 1 13 W
1 14 2 14 W
1 15 1 14 W
1 15 2 15 W
1 16 1 15 W
1 16 2 16 W
1 17 1 16 W
1 17 2 17 W
1 18 1 17 W
1 18 2 18 W
1 19 1 18 W
1 19 2 19 W
1 20 1 19 W
1 20 2 20 W
1 21 1 20 E
1 21 2 21 W
2 5 3 5 W
2 7 2 6 W
2 8 2 7 W
2 9 2 8 W
2 10 2 9 W
2 11 2 10 W
2 11 3 11 W
2 12 2 11 W
2 12 3 12 W
2 13 2 12 W
2 13 3 13 W
2 14 2 13 W
2 14 3 14 W
2 15 2 14 W
2 15 3 15 W
2 16 2 15 W
2 16 3 16 W
2 17 2 16 W
2 17 3 17 W
2 18 2 17 W
2 18 3 18 W
2 19 2 18 W
2 19 3 19 W
2 20 2 19 W
2 20 3 20 W
2 21 3 21 W
3 5 4 5 W
3 6 3 5 W
3 6 4 6 W
3 7 3 6 W
3 7 4 7 W
3 8 3 7 W
3 8 4 8 W
3 9 3 8 D
3 9 4 9 W
3 12 3 11 W
3 12 4 12 W
3 13 3 12 W
3 13 4 13 W
3 14 3 13 W
3 14 4 14 W
3 15 3 14 W
3 15 4 15 W
3 16 3 15 W
3 16 4 16 W
3 17 3 16 W
3 17 4 17 W
3 18 3 17 W
3 18 4 18 W
3 19 3 18 W
3 19 4 19 W
3 20 3 19 W
3 21 4 21 W
4 5 5 5 W
4 6 4 5 W
4 6 5 6 W
4 7 4 6 W
4 7 5 7 W
4 8 4 7 W
4 8 5 8 W
4 9 5 9 W
4 10 4 9 W
4 10 5 10 W
4 11 4 10 W
4 11 5 11 W
4 12 4 11 W
4 12 5 12 W
4 13 4 12 W
4 13 5 13 W
4 14 4 13 W
4 14 5 14 W
4 15 4 14 W
4 15 5 15 W
4 16 4 15 W
4 16 5 16 W
4 17 4 16 W
4 17 5 17 W
4 18 4 17 W
4 18 5 18 W
4 19 4 18 W
4 19 5 19 W
4 20 5 20 W
4 21 4 20 W
4 21 5 21 W
5 5 6 5 W
5 6 5 5 W
5 6 6 6 W
5 7 5 6 W
5 7 6 7 W
5 8 5 7 W
5 8 6 8 W
5 10 5 9 W
5 11 5 10 W
5 11 6 11 W
5 12 5 11 W
5 12 6 12 W
5 13 5 12 W
5 13 6 13 W
5 14 5 13 W
5 14 6 14 W
5 15 5 14 W
5 16 5 15 W
5 17 5 16 W
5 18 5 17 W
5 19 5 18 W
5 20 6 20 W
5 21 5 20 W
5 21 6 21 W
6 5 7 5 W
6 6 6 5 W
6 6 7 6 W
6 7 6 6 W
6 7 7 7 W
6 8 6 7 W
6 12 6 11 W
6 12 7 12 W
6 13 6 12 W
6 13 7 13 W
6 14 6 13 W
6 14 7 14 W
6 15 7 15 W
6 16 6 15 W
6 16 7 16 W
6 17 6 16 W
6 17 7 17 W
6 18 6 17 W
6 18 7 18 W
6 19 6 18 W
6 19 7 19 W
6 20 6 19 W
6 20 7 20 W
6 21 6 20 W
6 21 7 21 W
7 5 8 5 W
7 6 7 5 W
7 6 8 6 W
7 7 7 6 W
7 7 8 7 W
7 12 8 12 D
7 13 7 12 W
7 14 7 13 W
7 15 7 14 D
7 16 7 15 W
7 16 8 16 W
7 17 7 16 W
7 17 8 17 W
7 18 7 17 W
7 18 8 18 W
7 19 7 18 W
7 19 8 19 W
7 20 7 19 W
7 20 8 20 W
7 21 7 20 W
7 21 8 21 W
8 5 9 5 W
8 6 8 5 W
8 6 9 6 W
8 7 8 6 W
8 7 9 7 W
8 12 9 12 W
8 13 8 12 W
8 13 9 13 W
8 14 8 13 W
8 14 9 14 W
8 15 8 14 W
8 15 9 15 W
8 16 9 16 W
8 17 8 16 W
8 17 9 17 W
8 18 8 17 W
8 18 9 18 W
8 19 8 18 W
8 19 9 19 W
8 20 8 19 W
8 20 9 20 W
8 21 8 20 W
8 21 9 21 W
9 5 10 5 W
9 6 9 5 W
9 6 10 6 W
9 7 9 6 W
9 7 10 7 W
9 12 10 12 W
9 13 9 12 W
9 13 10 13 W
9 14 9 13 W
9 14 10 14 W
9 15 9 14 W
9 15 10 15 W
9 16 9 15 D
9 17 9 16 W
9 18 9 17 W
9 18 10 18 W
9 19 9 18 W
9 19 10 19 W
9 20 9 19 W
9 20 10 20 W
9 21 9 20 W
9 21 10 21 W
10 5 11 5 W
10 6 10 5 W
10 6 11 6 W
10 7 10 6 W
10 7 11 7 W
10 8 10 7 W
10 8 11 8 W
10 11 11 11 W
10 12 10 11 W
10 12 11 12 W
10 13 10 12 W
10 13 11 13 W
10 14 10 13 W
10 14 11 14 W
10 15 10 14 W
10 19 10 18 W
10 19 11 19 W
10 20 10 19 W
10 20 11 20 W
10 21 10 20 W
10 21 11 21 W
11 5 12 5 W
11 6 11 5 W
11 6 12 6 W
11 7 11 6 W
11 7 12 7 W
11 8 11 7 W
11 8 12 8 W
11 9 11 8 W
11 9 12 9 W
11 10 12 10 W
11 11 11 10 W
11 11 12 11 W
11 12 11 11 W
11 12 12 12 W
11 13 11 12 W
11 13 12 13 W
11 14 11 13 W
11 14 12 14 W
11 19 12 19 W
11 20 11 19 W
11 20 12 20 W
11 21 11 20 W
11 21 12 21 W
12 5 13 5 W
12 6 12 5 W
12 6 13 6 W
12 7 12 6 W
12 8 12 7 W
12 9 12 8 W
12 10 13 10 W
12 11 12 10 W
12 11 13 11 W
12 12 12 11 W
12 12 13 12 W
12 13 12 12 W
12 13 13 13 W
12 14 12 13 W
12 14 13 14 W
12 19 13 19 D
12 20 12 19 W
12 21 12 20 W
12 21 13 21 W
13 5 14 5 W
13 6 13 5 W
13 6 14 6 W
13 7 14 7 W
13 8 13 7 W
13 8 14 8 W
13 9 13 8 W
13 9 14 9 W
13 10 13 9 W
13 10 14 10 W
13 11 13 10 W
13 11 14 11 W
13 12 13 11 W
13 12 14 12 W
13 13 13 12 W
13 13 14 13 W
13 14 13 13 W
13 14 14 14 W
13 19 14 19 W
13 20 13 19 W
13 20 14 20 W
13 21 14 21 W
14 5 15 5 W
14 6 14 5 W
14 6 15 6 W
14 7 15 7 W
14 8 14 7 W
14 8 15 8 W
14 9 14 8 W
14 9 15 9 W
14 10 14 9 W
14 10 15 10 W
14 11 14 10 W
14 11 15 11 W
14 12 14 11 W
14 12 15 12 W
14 13 14 12 W
14 13 15 13 W
14 14 14 13 W
14 14 15 14 W
14 19 15 19 W
14 20 14 19 W
14 20 15 20 W
14 21 15 21 W
15 5 16 5 W
15 6 15 5 W
15 6 16 6 W
15 7 16 7 W
15 8 15 7 W
15 8 16 8 W
15 9 15 8 W
15 9 16 9 W
15 10 15 9 W
15 10 16 10 W
15 11 15 10 W
15 11 16 11 W
15 12 15 11 W
15 12 16 12 W
15 13 15 12 W
15 13 16 13 W
15 14 15 13 W
15 14 16 14 W
15 15 15 14 W
15 15 16 15 W
15 18 16 18 W
15 19 15 18 W
15 19 16 19 W
15 20 15 19 W
15 20 16 20 W
15 21 16 21 W
16 5 17 5 E
16 6 16 5 W
16 8 16 7 W
16 8 17 8 W
16 9 16 8 W
16 9 17 9 W
16 10 16 9 W
16 10 17 10 W
16 11 16 10 W
16 11 17 11 W
16 12 16 11 W
16 12 17 12 W
16 13 16 12 W
16 13 17 13 W
16 14 16 13 W
16 14 17 14 W
16 15 16 14 W
16 15 17 15 W
16 16 16 15 W
16 16 17 16 W
16 17 16 16 W
16 17 17 17 W
16 18 16 17 W
16 18 17 18 W
16 19 16 18 W
16 19 17 19 W
16 20 16 19 W
16 20 17 20 W
16 21 17 21 X
17 6 17 5 W
17 7 17 6 W
17 8 17 7 W
17 9 17 8 W
17 10 17 9 W
17 11 17 10 W
17 12 17 11 W
17 13 17 12 W
17 14 17 13 W
17 15 17 14 W
17 16 17 15 W
17 17 17 16 W
17 18 17 17 W
17 19 17 18 W
17 20 17 19 W
17 21 17 20 W
832
1 5 2 5 X
1 6 1 5 W
1 7 1 6 W
1 8 1 7 W
1 9 1 8 W
1 10 1 9 W
1 11 1 10 W
1 12 1 11 W
1 13 1 12 W
1 14 1 13 W
1 15 1 14 W
1 15 2 15 D
1 16 1 15 W
1 17 1 16 W
1 18 1 17 W
1 19 1 18 W
1 19 5 19 W
1 20 1 19 W
1 20 5 20 W
1 21 1 20 W
2 5 3 5 W
2 6 2 5 W
2 6 3 6 D
2 7 2 6 W
2 7 3 7 D
2 8 2 7 W
2 8 3 8 D
2 9 2 8 W
2 9 3 9 D
2 10 2 9 W
2 10 3 10 D
2 11 2 10 W
2 11 3 11 D
2 12 2 11 W
2 12 3 12 D
2 13 2 12 W
2 13 3 13 D
2 14 2 13 W
2 14 3 14 D
2 15 3 15 W
2 16 2 15 W
2 16 6 16 W
2 17 6 17 W
2 18 2 17 W
3 5 4 5 W
3 6 3 5 D
3 6 4 6 W
3 7 3 6 W
3 8 3 7 W
3 9 3 8 W
3 10 3 9 W
3 11 3 10 W
3 12 3 11 W
3 13 3 12 W
3 14 3 13 W
3 15 3 14 W
4 5 5 5 W
4 6 5 6 W
4 8 5 8 W
4 9 4 8 W
4 10 4 9 W
4 11 4 10 W
4 11 5 11 D
4 12 4 11 W
4 12 5 12 W
5 5 6 5 W
5 7 5 6 W
5 8 5 7 W
5 9 6 9 W
5 10 5 9 W
5 11 5 10 W
5 11 6 11 W
5 12 5 11 D
5 12 6 12 W
2 18 6 18 W
5 20 5 19 W
6 5 7 5 W
6 9 6 5 W
6 10 6 9 W
6 11 6 10 W
6 11 7 11 W
6 12 6 11 D
6 12 7 12 D
6 13 6 12 W
6 14 6 13 W
6 15 6 14 W
6 15 7 15 W
6 17 6 16 W
6 18 6 17 W
6 19 6 18 W
6 20 7 20 W
6 21 6 20 W
7 5 8 5 W
7 12 7 11 W
7 13 7 12 W
7 14 7 13 W
7 15 8 15 W
6 19 8 19 W
7 21 7 20 W
8 5 9 5 W
8 18 8 15 W
8 18 12 18 W
8 20 8 19 W
8 20 9 20 W
9 8 9 5 W
9 8 10 8 W
9 9 9 8 W
9 10 9 9 W
9 11 9 10 W
9 11 10 11 W
9 17 9 14 W
9 17 11 17 W
9 19 13 19 W
9 20 9 19 W
10 6 11 6 W
10 7 10 6 W
10 7 11 7 D
10 8 11 8 D
10 9 10 8 W
10 10 10 9 W
10 11 10 10 W
10 11 11 11 W
11 6 12 6 W
11 7 12 7 W
11 8 11 7 W
11 9 11 8 W
11 10 11 9 W
11 10 14 10 W
11 11 12 11 W
11 17 11 14 W
11 21 11 20 W
12 6 13 6 W
12 7 13 7 W
12 11 13 11 W
11 14 13 14 W
12 15 13 15 W
12 18 12 15 W
13 6 14 6 W
13 7 14 7 W
13 14 13 11 W
13 16 13 15 W
13 17 13 16 W
13 18 13 17 W
13 19 13 18 W
14 6 15 6 W
14 8 14 7 W
14 8 15 8 W
14 10 15 10 W
14 13 14 10 W
14 13 15 13 W
14 20 14 13 W
14 20 15 20 W
14 21 14 20 W
15 6 16 6 W
15 7 15 6 W
15 7 16 7 W
15 9 15 8 W
15 9 16 9 W
15 10 16 10 W
15 13 16 13 W
15 14 16 14 W
15 20 15 14 W
9 5 17 5 W
16 6 17 6 W
16 7 17 7 W
16 9 17 9 D
16 10 16 9 W
16 10 17 10 D
16 11 16 10 W
16 11 17 11 D
16 12 16 11 W
16 12 17 12 D
16 13 16 12 W
16 21 16 14 W
33 6 33 5 W
33 7 33 6 W
33 8 33 7 W
33 9 33 8 W
33 10 33 9 W
33 11 33 10 W
33 12 33 11 W
33 13 33 12 W
33 14 33 13 W
33 15 33 14 W
33 16 33 15 W
33 17 33 16 W
33 18 33 17 W
33 19 33 18 W
33 20 33 19 W
33 21 33 20 W
10 20 11 20 W
10 21 10 20 W
1 21 2 21 D
1 22 1 21 W
2 21 3 21 W
2 22 2 21 W
3 21 6 21 W
3 22 3 21 D
6 22 6 21 W
7 21 9 21 W
9 21 10 21 W
9 22 9 21 W
10 21 11 21 W
11 21 12 21 W
12 21 13 21 W
13 21 14 21 W
14 21 15 21 W
15 21 16 21 W
16 21 17 21 D
33 22 33 21 W
33 23 33 22 W
33 24 33 23 W
33 25 33 24 W
33 26 33 25 W
33 27 33 26 W
33 28 33 27 W
33 29 33 28 W
33 38 33 29 W
1 39 2 39 E
2 39 3 39 W
3 39 4 39 W
4 39 5 39 W
5 39 6 39 W
6 39 7 39 W
7 39 8 39 W
8 39 9 39 W
9 39 10 39 W
10 39 11 39 W
11 39 12 39 W
12 39 13 39 W
13 39 14 39 W
14 39 15 39 W
15 39 16 39 W
16 39 17 39 W
17 39 18 39 E
18 39 19 39 W
19 39 20 39 W
20 39 21 39 W
21 39 22 39 W
22 39 23 39 W
23 39 24 39 W
24 39 25 39 W
25 39 26 39 W
26 39 27 39 W
27 39 28 39 W
28 39 29 39 W
29 39 30 39 W
30 39 31 39 W
31 39 32 39 W
32 39 33 39 W
17 5 18 5 X
17 6 17 5 W
17 7 17 6 W
17 8 17 7 W
17 9 17 8 W
17 10 17 9 W
17 11 17 10 W
17 12 17 11 W
17 13 17 12 W
17 14 17 13 W
17 15 17 14 W
17 15 18 15 D
17 16 17 15 W
17 17 17 16 W
17 18 17 17 W
17 19 17 18 W
17 19 21 19 W
17 20 17 19 W
17 20 21 20 W
17 21 17 20 W
18 5 19 5 W
18 6 18 5 W
18 6 19 6 D
18 7 18 6 W
18 7 19 7 D
18 8 18 7 W
18 8 19 8 D
18 9 18 8 W
18 9 19 9 D
18 10 18 9 W
18 10 19 10 D
18 11 18 10 W
18 11 19 11 D
18 12 18 11 W
18 12 19 12 D
18 13 18 12 W
18 13 19 13 D
18 14 18 13 W
18 14 19 14 D
18 15 19 15 W
18 16 18 15 W
18 16 22 16 W
18 17 22 17 W
18 18 18 17 W
19 5 20 5 W
19 6 19 5 D
19 6 20 6 W
19 7 19 6 W
19 8 19 7 W
19 9 19 8 W
19 10 19 9 W
19 11 19 10 W
19 12 19 11 W
19 13 19 12 W
19 14 19 13 W
19 15 19 14 W
20 5 21 5 W
20 6 21 6 W
20 8 21 8 W
20 9 20 8 W
20 10 20 9 W
20 11 20 10 W
20 11 21 11 D
20 12 20 11 W
20 12 21 12 W
21 5 22 5 W
21 7 21 6 W
21 8 21 7 W
21 9 22 9 W
21 10 21 9 W
21 11 21 10 W
21 11 22 11 W
21 12 21 11 D
21 12 22 12 W
18 18 22 18 W
21 20 21 19 W
22 5 23 5 W
22 9 22 5 W
22 10 22 9 W
22 11 22 10 W
22 11 23 11 W
22 12 22 11 D
22 12 23 12 D
22 13 22 12 W
22 14 22 13 W
22 15 22 14 W
22 15 23 15 W
22 17 22 16 W
22 18 22 17 W
22 19 22 18 W
22 20 23 20 W
22 21 22 20 W
23 5 24 5 W
23 12 23 11 W
23 13 23 12 W
23 14 23 13 W
23 15 24 15 W
22 19 24 19 W
23 21 23 20 W
24 5 25 5 W
24 18 24 15 W
24 18 28 18 W
24 20 24 19 W
24 20 25 20 W
25 8 25 5 W
25 8 26 8 W
25 9 25 8 W
25 10 25 9 W
25 11 25 10 W
25 11 26 11 W
25 17 25 14 W
25 17 27 17 W
25 19 29 19 W
25 20 25 19 W
26 6 27 6 W
26 7 26 6 W
26 7 27 7 D
26 8 27 8 D
26 9 26 8 W
26 10 26 9 W
26 11 26 10 W
26 11 27 11 W
27 6 28 6 W
27 7 28 7 W
27 8 27 7 W
27 9 27 8 W
27 10 27 9 W
27 10 30 10 W
27 11 28 11 W
27 17 27 14 W
27 21 27 20 W
28 6 29 6 W
28 7 29 7 W
28 11 29 11 W
27 14 29 14 W
28 15 29 15 W
28 18 28 15 W
29 6 30 6 W
29 7 30 7 W
29 14 29 11 W
29 16 29 15 W
29 17 29 16 W
29 18 29 17 W
29 19 29 18 W
30 6 31 6 W
30 8 30 7 W
30 8 31 8 W
30 10 31 10 W
30 13 30 10 W
30 13 31 13 W
30 20 30 13 W
30 20 31 20 W
30 21 30 20 W
31 6 32 6 W
31 7 31 6 W
31 7 32 7 W
31 9 31 8 W
31 9 32 9 W
31 10 32 10 W
31 13 32 13 W
31 14 32 14 W
31 20 31 14 W
25 5 33 5 W
32 6 33 6 W
32 7 33 7 W
32 9 33 9 D
32 10 32 9 W
32 10 33 10 D
32 11 32 10 W
32 11 33 11 D
32 12 32 11 W
32 12 33 12 D
32 13 32 12 W
32 21 32 14 W
26 20 27 20 W
26 21 26 20 W
17 21 18 21 D
17 22 17 21 W
18 21 19 21 W
18 22 18 21 W
19 21 22 21 W
19 22 19 21 D
22 22 22 21 W
23 21 25 21 W
25 21 26 21 W
25 22 25 21 W
26 21 27 21 W
27 21 28 21 W
28 21 29 21 W
29 21 30 21 W
30 21 31 21 W
31 21 32 21 W
32 21 33 21 D
1 22 2 22 D
1 23 1 22 W
1 24 1 23 W
1 25 1 24 W
1 26 1 25 W
1 27 1 26 W
1 28 1 27 W
1 29 1 28 W
1 30 1 29 W
1 31 1 30 W
1 32 1 31 W
1 32 2 32 D
1 33 1 32 W
1 34 1 33 W
1 35 1 34 W
1 36 1 35 W
1 36 5 36 W
1 37 1 36 W
1 37 5 37 W
1 38 1 37 W
2 22 3 22 W
2 23 2 22 W
2 23 3 23 D
2 24 2 23 W
2 24 3 24 D
2 25 2 24 W
2 25 3 25 D
2 26 2 25 W
2 26 3 26 D
2 27 2 26 W
2 27 3 27 D
2 28 2 27 W
2 28 3 28 D
2 29 2 28 W
2 29 3 29 D
2 30 2 29 W
2 30 3 30 D
2 31 2 30 W
2 31 3 31 D
2 32 3 32 W
2 33 2 32 W
2 33 6 33 W
2 34 6 34 W
2 35 2 34 W
3 22 4 22 W
3 23 3 22 D
3 23 4 23 W
3 24 3 23 W
3 25 3 24 W
3 26 3 25 W
3 27 3 26 W
3 28 3 27 W
3 29 3 28 W
3 30 3 29 W
3 31 3 30 W
3 32 3 31 W
4 22 5 22 W
4 23 5 23 W
4 25 5 25 W
4 26 4 25 W
4 27 4 26 W
4 28 4 27 W
4 28 5 28 D
4 29 4 28 W
4 29 5 29 W
5 22 6 22 W
5 24 5 23 W
5 25 5 24 W
5 26 6 26 W
5 27 5 26 W
5 28 5 27 W
5 28 6 28 W
5 29 5 28 D
5 29 6 29 W
2 35 6 35 W
5 37 5 36 W
6 22 7 22 W
6 26 6 22 W
6 27 6 26 W
6 28 6 27 W
6 28 7 28 W
6 29 6 28 D
6 29 7 29 D
6 30 6 29 W
6 31 6 30 W
6 32 6 31 W
6 32 7 32 W
6 34 6 33 W
6 35 6 34 W
6 36 6 35 W
6 37 7 37 W
6 38 6 37 W
7 22 8 22 W
7 29 7 28 W
7 30 7 29 W
7 31 7 30 W
7 32 8 32 W
6 36 8 36 W
7 38 7 37 W
8 22 9 22 W
8 35 8 32 W
8 35 12 35 W
8 37 8 36 W
8 37 9 37 W
9 25 9 22 W
9 25 10 25 W
9 26 9 25 W
9 27 9 26 W
9 28 9 27 W
9 28 10 28 W
9 34 9 31 W
9 34 11 34 W
9 36 13 36 W
9 37 9 36 W
10 23 11 23 W
10 24 10 23 W
10 24 11 24 D
10 25 11 25 D
10 26 10 25 W
10 27 10 26 W
10 28 10 27 W
10 28 11 28 W
11 23 12 23 W
11 24 12 24 W
11 25 11 24 W
11 26 11 25 W
11 27 11 26 W
11 27 14 27 W
11 28 12 28 W
11 34 11 31 W
11 38 11 37 W
12 23 13 23 W
12 24 13 24 W
12 28 13 28 W
11 31 13 31 W
12 32 13 32 W
12 35 12 32 W
13 23 14 23 W
13 24 14 24 W
13 31 13 28 W
13 33 13 32 W
13 34 13 33 W
13 35 13 34 W
13 36 13 35 W
14 23 15 23 W
14 25 14 24 W
14 25 15 25 W
14 27 15 27 W
14 30 14 27 W
14 30 15 30 W
14 37 14 30 W
14 37 15 37 W
14 38 14 37 W
15 23 16 23 W
15 24 15 23 W
15 24 16 24 W
15 26 15 25 W
15 26 16 26 W
15 27 16 27 W
15 30 16 30 W
15 31 16 31 W
15 37 15 31 W
9 22 17 22 W
16 23 17 23 W
16 24 17 24 W
16 26 17 26 D
16 27 16 26 W
16 27 17 27 D
16 28 16 27 W
16 28 17 28 D
16 29 16 28 W
16 29 17 29 D
16 30 16 29 W
16 38 16 31 W
10 37 11 37 W
10 38 10 37 W
1 38 2 38 D
1 39 1 38 W
2 38 3 38 W
2 39 2 38 W
3 38 6 38 W
3 39 3 38 D
6 39 6 38 W
7 38 9 38 W
9 38 10 38 W
9 39 9 38 W
10 38 11 38 W
11 38 12 38 W
12 38 13 38 W
13 38 14 38 W
14 38 15 38 W
15 38 16 38 W
16 38 17 38 D
17 23 17 22 W
17 24 17 23 W
17 25 17 24 W
17 26 17 25 W
17 27 17 26 W
17 28 17 27 W
17 29 17 28 W
17 30 17 29 W
17 31 17 30 W
17 32 17 31 W
17 32 18 32 D
17 33 17 32 W
17 34 17 33 W
17 35 17 34 W
17 36 17 35 W
17 36 21 36 W
17 37 17 36 W
17 37 21 37 W
17 38 17 37 W
18 22 19 22 W
18 23 18 22 W
18 23 19 23 D
18 24 18 23 W
18 24 19 24 D
18 25 18 24 W
18 25 19 25 D
18 26 18 25 W
18 26 19 26 D
18 27 18 26 W
18 27 19 27 D
18 28 18 27 W
18 28 19 28 D
18 29 18 28 W
18 29 19 29 D
18 30 18 29 W
18 30 19 30 D
18 31 18 30 W
18 31 19 31 D
18 32 19 32 W
18 33 18 32 W
18 33 22 33 W
18 34 22 34 W
18 35 18 34 W
19 22 20 22 W
19 23 19 22 D
19 23 20 23 W
19 24 19 23 W
19 25 19 24 W
19 26 19 25 W
19 27 19 26 W
19 28 19 27 W
19 29 19 28 W
19 30 19 29 W
19 31 19 30 W
19 32 19 31 W
20 22 21 22 W
20 23 21 23 W
20 25 21 25 W
20 26 20 25 W
20 27 20 26 W
20 28 20 27 W
20 28 21 28 D
20 29 20 28 W
20 29 21 29 W
21 22 22 22 W
21 24 21 23 W
21 25 21 24 W
21 26 22 26 W
21 27 21 26 W
21 28 21 27 W
21 28 22 28 W
21 29 21 28 D
21 29 22 29 W
18 35 22 35 W
21 37 21 36 W
22 22 23 22 W
22 26 22 22 W
22 27 22 26 W
22 28 22 27 W
22 28 23 28 W
22 29 22 28 D
22 29 23 29 D
22 30 22 29 W
22 31 22 30 W
22 32 22 31 W
22 32 23 32 W
22 34 22 33 W
22 35 22 34 W
22 36 22 35 W
22 37 23 37 W
22 38 22 37 W
23 22 24 22 W
23 29 23 28 W
23 30 23 29 W
23 31 23 30 W
23 32 24 32 W
22 36 24 36 W
23 38 23 37 W
24 22 25 22 W
24 35 24 32 W
24 35 28 35 W
24 37 24 36 W
24 37 25 37 W
25 25 25 22 W
25 25 26 25 W
25 26 25 25 W
25 27 25 26 W
25 28 25 27 W
25 28 26 28 W
25 34 25 31 W
25 34 27 34 W
25 36 29 36 W
25 37 25 36 W
26 23 27 23 W
26 24 26 23 W
26 24 27 24 D
26 25 27 25 D
26 26 26 25 W
26 27 26 26 W
26 28 26 27 W
26 28 27 28 W
27 23 28 23 W
27 24 28 24 W
27 25 27 24 W
27 26 27 25 W
27 27 27 26 W
27 27 30 27 W
27 28 28 28 W
27 34 27 31 W
27 38 27 37 W
28 23 29 23 W
28 24 29 24 W
28 28 29 28 W
27 31 29 31 W
28 32 29 32 W
28 35 28 32 W
29 23 30 23 W
29 24 30 24 W
29 31 29 28 W
29 33 29 32 W
29 34 29 33 W
29 35 29 34 W
29 36 29 35 W
30 23 31 23 W
30 25 30 24 W
30 25 31 25 W
30 27 31 27 W
30 30 30 27 W
30 30 31 30 W
30 37 30 30 W
30 37 31 37 W
30 38 30 37 W
31 23 32 23 W
31 24 31 23 W
31 24 32 24 W
31 26 31 25 W
31 26 32 26 W
31 27 32 27 W
31 30 32 30 W
31 31 32 31 W
31 37 31 31 W
25 22 33 22 W
32 23 33 23 W
32 24 33 24 W
32 26 33 26 D
32 27 32 26 W
32 27 33 27 D
32 28 32 27 W
32 28 33 28 D
32 29 32 28 W
32 29 33 29 D
32 30 32 29 W
32 38 32 31 W
26 37 27 37 W
26 38 26 37 W
17 39 17 38 W
18 38 19 38 W
18 39 18 38 W
19 38 22 38 W
19 39 19 38 D
22 39 22 38 W
23 38 25 38 W
25 38 26 38 W
25 39 25 38 W
26 38 27 38 W
27 38 28 38 W
28 38 29 38 W
29 38 30 38 W
30 38 31 38 W
31 38 32 38 W
32 38 33 38 D
33 38 33 39 W
7 14 9 14 W
23 14 25 14 W
23 31 25 31 W
7 31 9 31 W
24
0 0 0 100 E
0 100 0 200 E
0 200 0 300 E
100 0 100 100 D
100 100 100 200 D
100 200 100 300 D
200 0 200 100 D
200 100 200 200 D
200 200 200 300 D
300 0 300 100 E
300 100 300 200 E
300 200 300 300 E
0 0 100 0 X
100 0 200 0 X
200 0 300 0 X
0 100 100 100 D
100 100 200 100 D
200 100 300 100 D
0 200 100 200 D
100 200 200 200 D
200 200 300 200 D
0 300 100 300 X
100 300 200 300 X
200 300 300 300 X
24
0 0 0 100 W
0 100 0 200 W
0 200 0 300 W
100 0 100 100 W
100 100 100 200 W
100 200 100 300 W
200 0 200 100 W
200 100 200 200 W
200 200 200 300 W
300 0 300 100 W
300 100 300 200 W
300 200 300 300 W
0 0 100 0 E
100 0 200 0 E
200 0 300 0 E
0 100 100 100 D
100 100 200 100 D
200 100 300 100 D
0 200 100 200 D
100 200 200 200 D
200 200 300 200 D
0 300 100 300 X
100 300 200 300 X
200 300 300 300 X
24
0 0 0 100 W
0 100 0 200 W
0 200 0 300 W
100 0 100 100 W
100 100 100 200 W
100 200 100 300 W
200 0 200 100 W
200 100 200 200 W
200 200 200 300 W
300 0 300 100 W
300 100 300 200 W
300 200 300 300 W
0 0 100 0 E
100 0 200 0 W
200 0 300 0 E
0 100 100 100 D
100 100 200 100 D
200 100 300 100 D
0 200 100 200 D
100 200 200 200 D
200 200 300 200 D
0 300 100 300 X
100 300 200 300 W
200 300 300 300 X
24
0 0 0 100 W
0 100 0 200 W
0 200 0 300 W
100 0 100 100 D
100 100 100 200 D
100 200 100 300 D
200 0 200 100 D
200 100 200 200 D
200 200 200 300 D
300 0 300 100 W
300 100 300 200 W
300 200 300 300 X
0 0 100 0 E
100 0 200 0 W
200 0 300 0 W
0 100 100 100 W
100 100 200 100 W
200 100 300 100 D
0 200 100 200 D
100 200 200 200 W
200 200 300 200 W
0 300 100 300 W
100 300 200 300 W
200 300 300 300 W
20
0 0 200 0 W
200 0 400 0 W
0 400 200 400 W
200 400 400 400 W
0 0 0 200 E
0 200 0 400 E
400 0 400 200 X
400 200 400 400 X
100 100 200 100 D
200 100 300 100 D
300 100 300 200 W
300 200 300 300 W
200 300 300 300 D
100 300 200 300 D
100 300 100 200 W
100 200 100 100 W
200 0 200 100 W
200 300 200 400 W
0 200 100 200 W
300 200 400 200 W
8
0 0 0 1000 E
0 1000 999 1000 W
999 1000 1000 1000 W
1000 1000 1000 0 X
1000 0 1 0 W
1 0 0 0 W
0 0 999 1000 D
1 0 1000 1000 D
12
0 0 501 0 W
501 0 1000 0 W
0 0 0 1000 W
1000 1000 1000 0 W
500 500 500 501 W
500 501 500 1000 W
500 500 501 500 D
0 1000 500 1000 E
500 1000 1000 1000 X
501 500 501 0 W
501 500 501 501 D
501 501 500 501 W
23
0 0 100 0 E
100 0 500 0 X
500 0 500 400 X
500 400 300 400 X
300 400 0 400 E
0 400 0 0 E
100 0 200 200 D
200 200 100 300 D
100 300 200 240 D
200 240 300 400 D
300 400 400 300 D
400 300 300 320 D
300 320 240 220 D
240 220 400 200 D
400 200 380 100 D
380 100 300 120 D
300 120 260 100 D
260 100 280 140 D
280 140 360 140 D
360 140 320 160 D
320 160 360 180 D
360 180 240 180 D
240 180 100 0 D
42
0 400 100 200 E
100 200 300 400 X
300 400 200 200 W
200 200 400 120 E
400 120 300 80 W
300 80 520 80 W
520 80 520 200 W
520 200 480 160 W
480 160 500 160 X
500 160 500 100 W
500 100 400 200 W
400 200 500 300 E
500 300 760 200 W
760 200 700 200 X
700 200 700 100 W
700 100 800 200 W
800 200 400 480 W
400 480 800 380 W
800 380 340 600 X
340 600 300 520 E
300 520 220 640 W
220 640 100 560 E
100 560 0 400 W
0 400 100 400 W
100 400 100 460 W
100 460 140 400 D
140 400 200 500 W
200 500 240 440 W
100 200 120 320 W
120 320 160 340 W
160 340 240 440 D
300 520 240 440 D
240 440 300 400 D
300 400 380 480 W
380 480 340 260 W
340 260 440 300 D
440 300 400 400 W
400 400 500 300 W
340 600 500 500 W
400 480 500 500 D
200 200 400 200 D
760 200 800 200 D
1000
396 637 393 725 W
670 584 671 852 W
810 289 812 201 W
765 49 766 936 D
171 373 168 129 W
131 215 128 174 W
339 80 336 235 W
371 704 368 575 W
436 802 440 582 W
123 61 121 197 W
583 924 585 350 D
406 603 407 49 D
475 216 472 421 W
252 753 250 713 W
39 111 41 98 W
245 631 247 450 D
250 407 252 289 W
566 384 563 197 W
79 855 78 907 W
531 138 530 630 D
133 414 134 834 D
629 678 630 340 D
76 694 78 907 W
424 966 426 759 W
548 220 547 989 D
638 688 633 514 W
60 484 55 59 W
585 350 588 273 W
596 955 595 18 D
383 20 384 59 W
9 282 11 313 W
359 535 359 170 D
90 595 86 555 W
398 105 401 417 W
649 412 651 182 W
105 645 108 843 W
647 182 646 889 D
399 540 400 592 W
125 403 126 157 W
96 16 95 743 D
24 769 27 783 W
314 429 313 589 D
69 689 70 56 D
665 577 661 550 W
432 979 427 560 W
202 671 202 70 D
732 790 733 775 W
204 12 206 163 W
162 867 162 272 D
404 692 406 603 W
469 196 472 421 W
33 787 32 345 D
573 925 573 245 D
105 291 105 645 D
516 341 515 398 W
270 395 269 174 W
129 874 131 797 W
714 290 716 180 W
576 323 574 858 D
146 149 147 900 D
328 889 330 642 W
667 49 668 528 D
612 59 616 43 W
307 400 304 218 W
582 210 581 615 D
181 434 184 457 W
737 266 740 252 W
759 201 756 197 W
399 540 398 105 D
519 318 521 252 W
643 805 640 991 W
554 519 553 160 D
67 977 67 150 D
117 805 113 826 W
766 936 763 523 W
303 808 301 542 W
143 385 142 150 W
367 423 365 485 W
480 597 476 782 W
436 802 437 224 D
482 270 481 823 D
171 373 171 705 D
759 201 761 344 W
114 172 111 108 W
676 303 674 149 W
538 608 535 523 W
349 459 347 564 D
624 295 621 153 W
262 106 262 642 D
647 182 649 412 W
688 895 689 992 W
299 390 298 317 W
656 796 657 147 D
379 522 382 756 W
65 423 61 224 W
345 755 342 778 W
603 212 602 136 W
564 804 563 197 D
6 974 7 760 W
340 971 337 796 W
446 681 445 595 W
233 811 228 818 W
612 59 613 703 D
274 479 270 395 W
123 853 123 61 D
520 735 519 318 D
131 797 131 215 D
712 223 712 750 D
595 18 593 121 W
572 814 570 930 W
591 704 596 955 W
350 300 351 958 D
146 149 143 385 W
783 195 782 907 D
29 425 25 439 W
453 554 451 861 W
285 965 283 655 W
220 85 223 299 W
293 319 295 551 D
109 14 111 108 W
652 374 653 887 D
398 105 394 389 W
257 529 256 300 D
497 323 496 319 W
345 755 346 27 D
148 993 147 900 W
142 150 141 520 D
121 663 121 197 D
739 616 737 266 D
570 930 570 366 D
339 80 337 796 D
718 922 717 524 W
57 528 55 59 D
623 629 625 542 W
456 770 456 243 D
510 314 513 234 W
482 270 478 80 W
490 732 489 90 D
30 870 29 425 D
30 870 33 787 W
320 406 321 24 W
297 965 298 317 D
15 649 12 604 W
683 736 685 843 W
244 755 245 631 W
67 977 64 707 W
331 217 330 642 D
453 554 452 124 D
159 647 156 933 W
644 569 645 184 D
754 519 755 509 W
369 320 371 418 W
238 82 236 457 W
216 865 218 912 W
462 298 464 124 W
504 665 503 352 D
203 941 202 671 W
445 234 446 177 W
638 89 641 91 W
582 210 585 350 W
231 412 230 206 W
35 487 39 111 W
756 197 755 509 D
810 289 806 298 W
796 684 799 726 W
520 735 517 975 W
800 675 802 572 W
644 569 646 889 W
469 196 465 184 W
374 636 377 946 W
16 149 14 341 W
374 636 373 203 D
772 954 769 676 W
139 171 136 273 W
181 434 183 596 D
808 640 810 852 W
477 300 476 782 D
544 699 545 635 W
424 966 420 968 W
327 37 331 217 W
107 66 108 843 D
456 770 453 554 W
787 651 787 270 D
216 865 217 279 D
422 43 424 433 W
801 261 802 297 W
410 935 411 473 D
653 887 655 644 W
156 138 156 933 D
789 385 790 713 D
238 82 242 117 W
334 344 333 701 D
538 86 538 608 D
613 703 615 962 W
413 667 414 513 W
93 293 90 38 W
504 665 501 812 W
207 82 211 436 W
530 630 533 667 W
151 724 155 963 W
149 433 152 286 W
331 217 334 344 W
70 56 67 150 W
753 126 756 197 W
244 755 243 157 D
505 16 507 521 D
619 737 621 779 W
194 438 192 233 W
339 80 341 242 W
18 617 17 848 W
204 12 202 70 W
729 287 726 407 W
79 284 79 855 D
420 968 418 823 W
252 289 254 183 W
116 244 119 165 W
242 117 243 157 W
447 392 446 177 W
256 300 259 154 W
473 713 476 782 W
0 678 3 722 W
404 692 400 592 W
19 479 20 200 W
660 875 659 928 W
171 705 167 857 W
501 234 503 352 W
415 412 419 490 W
63 875 61 224 D
116 244 117 805 D
514 698 513 835 W
19 479 16 149 W
352 528 351 958 W
207 82 206 163 W
272 894 274 977 W
108 843 110 828 W
554 519 555 750 W
680 793 679 749 W
177 102 178 171 W
415 412 416 683 D
758 788 755 509 W
123 853 121 663 W
459 584 456 770 W
39 111 37 882 D
90 38 87 353 W
566 384 567 771 D
408 710 410 935 W
127 716 124 913 W
100 14 101 182 W
469 196 467 571 D
362 320 365 485 W
252 753 255 838 W
750 120 752 90 W
559 820 561 390 D
214 976 210 791 W
800 675 799 726 W
621 153 621 779 D
411 473 413 408 W
772 39 775 132 W
356 768 356 347 D
510 314 505 16 W
751 810 750 120 D
660 875 661 550 W
593 121 591 704 D
100 764 102 983 W
240 941 239 779 W
231 412 233 811 D
126 157 127 716 D
73 32 75 487 W
27 783 25 439 D
286 302 289 487 W
306 554 303 808 W
445 234 445 595 D
385 810 382 756 W
445 595 443 622 W
689 992 692 732 W
541 119 544 277 W
483 746 484 226 D
690 222 689 114 W
712 750 709 623 W
649 412 649 564 D
171 705 174 634 W
349 459 346 27 W
803 605 808 640 W
699 844 699 28 D
783 195 786 162 W
624 295 626 495 W
514 698 515 398 D
477 300 475 216 W
139 171 142 150 W
599 242 599 886 D
569 880 569 287 D
501 234 500 407 W
280 531 283 655 W
467 571 466 567 W
493 826 495 664 W
544 277 544 699 D
450 474 452 124 W
786 606 786 162 D
507 521 508 643 W
601 813 605 614 W
280 531 279 676 W
110 828 109 14 D
288 776 286 302 D
342 778 343 397 D
43 513 45 417 D
15 649 17 848 W
439 405 440 582 D
544 277 545 430 W
649 564 646 889 W
556 318 553 160 W
702 14 700 60 W
328 889 327 37 D
51 708 48 922 W
529 931 525 739 W
162 867 159 647 W
265 956 263 667 W
710 43 712 223 W
644 569 643 805 W
763 523 760 689 W
109 14 107 66 W
415 412 414 250 W
539 567 544 699 W
619 737 617 298 D
632 94 635 372 W
642 47 645 184 W
52 396 54 647 D
166 319 166 517 D
9 282 9 702 D
48 53 45 417 W
495 664 496 319 D
631 947 633 514 W
690 222 692 732 D
799 19 799 726 D
316 382 317 889 D
663 489 660 223 W
408 65 407 49 W
367 423 369 320 W
680 793 683 736 W
627 534 625 542 W
312 449 310 277 W
240 941 242 117 D
210 791 209 722 W
247 450 243 157 W
740 252 741 784 D
765 49 767 161 W
486 425 484 226 W
175 587 180 698 W
36 985 33 787 W
194 438 194 558 D
75 487 77 189 W
356 768 359 535 W
214 976 212 350 D
8 154 5 375 W
400 592 401 417 D
383 20 382 756 D
105 291 101 182 W
156 138 153 477 W
29 425 32 345 W
670 584 668 528 W
277 345 280 379 W
50 102 51 708 D
346 27 343 397 W
387 362 391 158 W
60 576 60 484 D
745 287 745 946 D
564 804 567 771 W
725 888 724 356 D
430 158 433 442 W
758 788 759 201 D
814 108 815 267 W
613 703 608 906 W
162 272 158 70 W
739 616 741 784 W
549 840 554 519 W
685 843 688 895 W
526 232 521 252 W
189 753 186 517 W
733 775 733 251 D
361 928 363 753 W
576 323 573 245 W
805 103 803 605 D
651 558 651 182 D
392 402 394 389 W
391 873 391 158 D
36 985 35 487 D
175 587 174 634 W
481 823 483 746 W
464 124 463 702 D
601 813 602 136 D
602 136 599 242 W
371 418 373 203 W
342 778 340 971 W
361 928 360 423 D
133 414 136 273 W
654 482 652 374 W
379 522 377 946 W
490 732 493 826 W
551 56 553 160 W
114 172 113 826 D
652 374 651 182 W
581 615 578 587 W
814 902 815 964 W
520 735 523 814 W
95 743 93 986 W
772 954 772 39 D
656 796 655 644 W
534 462 537 84 W
429 114 426 10 W
334 344 336 235 W
638 89 635 372 W
84 608 83 177 D
561 390 563 197 W
545 430 548 220 W
426 10 424 433 W
587 912 590 546 W
9 282 8 154 W
603 212 607 111 W
184 457 188 139 W
537 84 538 86 W
231 412 236 457 W
517 975 514 698 W
802 297 802 572 D
376 168 373 203 W
660 223 658 10 W
813 728 812 201 D
371 704 374 636 W
408 65 411 473 W
708 191 706 730 D
726 966 726 407 D
745 287 747 315 W
523 814 525 739 W
255 838 257 529 W
570 366 569 287 W
396 637 399 540 W
285 246 283 257 W
705 602 702 775 W
508 643 513 835 W
458 247 459 584 D
0 71 0 678 E
740 252 743 425 W
312 449 314 429 W
463 702 466 567 W
86 555 87 353 D
729 812 726 966 W
660 875 660 223 D
478 80 480 597 D
545 430 545 635 D
313 589 311 771 W
257 529 258 883 W
100 764 99 781 W
558 780 555 750 W
84 608 86 555 W
267 648 265 956 W
286 302 285 246 W
745 287 743 425 W
641 91 642 47 W
549 840 547 989 W
189 753 191 553 W
121 663 118 514 W
558 250 561 390 W
293 319 298 317 W
262 106 264 47 W
125 403 123 61 W
763 523 763 203 D
228 818 226 887 W
424 433 424 966 D
465 184 464 124 W
569 880 570 930 W
384 59 386 297 W
376 168 377 946 D
129 874 128 174 D
529 931 530 630 W
720 175 719 279 W
42 18 42 650 D
500 407 500 636 D
313 589 317 889 W
579 482 578 587 D
579 482 576 323 W
64 707 65 423 D
79 284 82 193 W
9 702 12 604 W
121 197 119 165 W
228 818 230 206 D
260 922 260 346 D
20 200 21 546 D
569 287 566 384 W
250 713 250 407 D
617 298 616 43 W
100 764 100 14 D
654 482 657 147 W
90 38 90 595 D
264 47 266 317 W
414 513 414 250 D
290 644 295 551 W
136 273 136 954 D
462 298 458 247 W
210 791 211 436 D
323 623 320 744 W
262 106 260 346 W
79 855 82 886 W
777 215 780 290 W
767 161 770 122 W
608 906 607 600 W
119 165 118 514 D
283 655 283 257 D
528 213 526 232 W
178 171 181 434 W
677 200 676 303 W
766 936 767 727 W
379 522 380 263 D
477 300 478 80 W
447 392 449 812 D
763 203 765 49 W
677 200 679 749 D
699 28 700 60 W
497 323 497 659 D
414 250 413 408 W
619 737 615 962 W
774 922 775 132 D
443 622 440 582 W
708 191 704 493 W
222 919 218 912 W
386 691 386 297 D
513 835 513 234 D
21 546 24 769 W
288 776 285 965 W
531 138 528 213 W
456 243 458 247 W
172 478 171 373 W
304 218 303 808 D
226 887 227 86 D
270 395 272 894 D
528 213 529 931 D
391 873 389 994 W
82 193 83 177 W
743 425 742 943 D
290 644 289 567 W
365 485 364 782 D
682 30 677 200 W
730 484 733 251 W
599 886 596 955 W
162 867 165 890 W
188 139 192 233 W
642 47 643 805 D
312 449 311 771 D
61 224 60 484 W
427 560 426 759 W
77 189 78 907 D
624 295 623 629 D
786 162 787 270 W
551 56 549 840 D
545 635 547 989 W
719 279 718 922 D
736 29 734 886 D
671 852 673 736 W
73 32 73 949 D
533 667 535 523 W
666 482 667 49 W
418 823 416 683 W
667 49 670 395 W
747 315 748 743 D
796 684 796 10 D
41 98 42 18 W
127 716 129 874 W
661 550 663 489 D
419 490 422 43 W
500 636 497 659 W
489 90 491 68 W
283 257 280 379 W
263 667 264 47 D
670 584 670 395 D
583 924 587 912 W
635 372 633 514 D
792 129 796 10 W
367 735 364 782 W
276 28 277 345 W
48 53 48 922 D
336 235 335 623 D
389 994 386 691 W
761 344 760 689 D
54 647 51 708 W
748 743 745 946 W
666 482 663 489 W
118 514 117 805 W
508 643 510 314 D
250 407 247 450 W
719 279 717 294 W
37 882 36 985 W
198 661 195 566 W
24 769 24 164 D
218 912 220 85 D
8 154 7 760 D
732 790 729 812 W
128 174 126 157 W
11 313 12 604 D
726 407 724 356 W
487 608 490 732 W
559 820 564 804 W
194 558 195 566 W
226 887 224 570 W
473 713 472 624 W
462 744 463 702 W
206 932 206 163 D
651 558 649 564 W
590 66 590 546 D
299 390 301 542 D
391 873 393 725 W
519 318 516 341 W
810 289 810 852 D
256 300 254 183 W
75 487 76 694 D
750 120 747 315 W
581 615 583 924 W
701 627 700 60 D
558 780 558 250 D
720 175 722 814 D
523 814 521 252 D
360 423 359 170 W
551 56 548 220 W
718 922 722 814 W
93 293 96 16 W
710 43 709 623 D
599 242 595 18 W
95 743 99 781 W
359 170 356 347 W
626 495 625 542 D
360 423 362 320 W
258 883 259 154 D
195 566 196 354 D
198 661 202 671 W
446 681 449 812 W
177 102 172 478 W
443 293 443 622 D
330 642 333 701 W
363 753 364 782 W
621 779 623 629 W
491 68 493 826 D
434 803 433 442 D
57 528 54 647 W
432 979 434 803 W
276 960 279 676 W
393 725 392 402 D
60 576 63 875 W
99 781 97 293 D
214 976 216 865 W
690 222 694 179 W
631 947 629 678 W
143 385 144 600 D
429 114 430 158 W
695 935 692 732 W
588 273 587 912 D
610 415 612 59 W
796 10 799 19 W
729 287 729 812 D
739 616 734 886 W
9 702 7 760 W
767 161 767 727 D
751 810 752 507 W
657 147 658 10 W
131 797 134 834 W
50 102 48 53 W
245 631 250 713 W
380 263 376 168 W
772 39 770 122 W
304 218 299 390 W
539 567 541 119 D
725 888 722 814 W
777 215 776 708 D
775 132 777 215 W
695 935 696 575 W
414 513 416 683 W
52 396 50 102 W
593 121 590 66 W
683 21 685 176 W
156 933 155 963 W
371 704 371 418 D
556 318 555 750 D
113 826 111 720 W
630 340 628 99 W
489 90 486 425 W
224 570 224 64 D
368 575 369 320 D
501 812 500 636 W
420 968 422 43 D
787 651 786 606 W
665 577 666 482 D
349 459 350 300 W
673 736 676 946 W
787 270 789 385 W
685 176 685 843 D
505 16 503 352 W
610 415 607 111 W
19 479 18 617 D
631 947 632 94 D
70 56 73 32 W
752 90 752 507 D
212 350 211 436 W
792 129 793 828 D
258 883 260 922 W
124 913 123 853 W
534 462 531 138 W
35 487 32 345 W
556 318 558 250 W
419 490 418 823 D
386 691 385 810 W
582 210 579 482 W
236 457 235 614 D
651 558 653 887 W
144 600 141 520 W
345 755 347 564 W
632 94 630 340 W
259 154 260 346 W
571 213 570 366 W
792 129 789 385 W
189 753 188 139 D
114 172 116 244 W
572 814 573 925 W
702 14 704 493 W
148 993 151 724 W
65 423 67 150 W
102 983 105 645 W
136 954 134 834 W
386 297 387 362 W
717 294 716 180 W
541 119 538 86 W
688 26 689 114 W
443 293 439 405 W
699 844 696 575 W
110 828 111 720 W
426 759 426 10 D
43 513 48 922 W
430 158 432 979 D
462 744 462 298 D
705 602 706 730 W
433 442 437 224 W
408 65 408 710 D
21 546 18 617 W
801 261 800 675 D
203 941 204 12 D
383 20 380 263 W
699 28 697 166 W
352 528 354 9 D
790 713 787 651 W
591 704 590 546 W
297 965 301 542 W
450 474 451 861 D
487 608 486 425 D
3 722 1 339 D
714 290 714 672 D
769 676 767 727 W
801 261 799 19 W
166 319 168 129 W
774 922 772 954 W
452 124 456 243 W
139 809 139 171 D
753 126 754 519 D
3 722 6 974 W
277 345 279 676 D
714 672 715 945 W
280 379 280 531 D
152 286 153 477 W
111 720 111 108 D
717 524 715 945 W
814 902 814 108 D
392 402 391 158 W
671 87 671 852 D
742 943 745 946 W
52 396 55 59 W
167 857 166 517 W
569 880 567 771 W
573 245 571 213 W
141 520 139 809 W
102 983 101 182 D
30 870 27 783 W
107 66 105 291 W
224 64 227 86 W
434 803 436 802 W
803 605 802 572 W
599 886 601 813 W
538 608 539 567 W
710 43 708 191 W
25 439 24 164 W
676 303 676 946 D
309 866 311 771 W
202 70 199 439 W
793 828 790 713 W
786 606 782 907 W
186 517 184 457 D
733 251 736 29 W
737 266 736 29 W
288 776 289 567 W
439 405 437 224 W
307 400 310 277 W
497 659 495 664 W
37 882 41 610 W
779 989 782 907 W
316 382 320 406 W
683 21 683 736 D
482 270 484 226 W
385 810 384 59 D
627 534 629 678 W
610 415 608 906 D
695 935 694 179 D
180 698 178 171 D
289 487 292 246 W
535 523 537 84 D
815 267 815 964 X
222 919 224 570 W
352 528 356 768 W
217 279 220 85 W
290 644 292 246 D
269 174 267 648 D
76 694 73 949 W
780 290 783 195 W
752 507 754 519 W
262 642 260 922 W
705 602 704 493 D
628 99 627 534 D
175 587 177 102 D
590 66 588 273 W
605 614 607 600 W
276 28 274 479 W
805 103 806 298 W
689 114 689 992 D
501 812 501 234 D
151 724 152 286 D
97 293 96 16 W
239 779 235 614 W
403 279 407 49 W
199 439 198 661 D
156 138 158 70 W
162 272 164 256 W
77 189 79 284 W
408 710 406 603 W
451 861 449 812 W
779 989 776 708 W
272 894 267 648 W
401 417 403 279 W
656 796 659 928 W
306 554 307 400 D
310 277 309 866 D
712 750 714 672 W
206 932 203 941 W
165 890 164 256 D
472 421 472 624 D
82 886 84 608 W
605 614 603 212 D
447 392 450 474 W
733 775 734 886 W
0 71 1 339 W
60 576 57 528 W
166 319 164 256 W
387 362 389 994 D
517 975 516 341 D
813 728 810 852 W
183 596 186 517 W
320 744 317 889 W
206 932 209 722 W
752 90 753 126 W
526 232 525 739 D
212 350 217 279 W
571 213 572 814 D
396 637 394 389 D
83 177 87 353 W
320 406 320 744 D
166 517 165 890 W
483 746 487 608 W
671 87 674 149 W
343 397 341 242 W
100 14 97 293 W
136 954 139 809 W
812 201 814 108 W
67 977 69 689 W
730 484 732 790 D
326 86 321 24 W
702 14 702 775 D
533 667 534 462 D
712 223 714 290 W
42 18 45 417 W
682 30 680 793 D
758 788 760 689 W
356 347 354 9 W
558 780 559 820 W
462 744 459 584 W
701 627 702 775 W
410 935 413 667 W
333 701 335 623 W
761 344 763 203 W
751 810 748 743 W
659 928 658 10 D
481 823 480 597 W
403 279 404 692 D
222 919 223 299 D
293 319 292 246 W
306 554 309 866 W
238 82 239 779 D
167 857 168 129 D
621 153 617 298 W
20 200 24 164 W
82 886 82 193 D
776 708 774 922 W
326 865 326 86 D
640 991 641 91 D
654 482 655 644 D
263 667 262 642 W
351 958 347 564 W
196 354 194 438 W
276 960 274 977 W
174 634 172 478 D
41 610 42 650 W
153 477 155 963 D
269 174 266 317 W
674 149 673 736 D
706 730 709 623 W
616 43 615 962 D
11 313 14 341 W
573 925 574 858 W
93 986 93 293 D
427 560 429 114 D
73 949 69 689 W
144 600 147 900 W
230 206 227 86 W
515 398 513 234 W
578 587 574 858 W
500 407 497 323 W
316 382 314 429 W
335 623 337 796 W
125 403 124 913 D
289 487 289 567 D
1 339 5 375 W
694 179 697 166 W
676 946 679 749 W
446 681 446 177 D
321 24 323 623 D
41 610 41 98 D
793 828 796 684 W
191 553 192 233 D
180 698 183 596 W
276 28 276 960 D
697 166 696 575 D
285 246 285 965 D
466 567 465 184 D
158 70 159 647 D
196 354 199 439 W
805 103 802 297 W
350 300 354 9 W
265 956 266 317 D
472 624 467 571 W
715 945 716 180 D
367 735 368 575 W
64 707 63 875 W
688 895 688 26 D
149 433 148 993 D
769 676 770 122 D
647 182 645 184 W
361 928 359 535 W
90 595 93 986 W
682 30 683 21 W
5 375 6 974 D
341 242 340 971 D
725 888 726 966 W
367 423 367 735 D
638 688 640 991 W
475 216 473 713 D
717 524 717 294 D
14 341 15 649 D
779 989 780 290 D
628 99 626 495 W
131 215 133 414 W
194 558 191 553 W
233 811 235 614 W
638 89 638 688 D
274 479 274 977 D
326 86 327 37 W
328 889 326 865 W
43 513 42 650 W
323 623 326 865 W
297 965 295 551 W
17 848 16 149 D
720 175 724 356 W
741 784 742 943 W
491 68 496 319 W
671 87 670 395 W
699 844 701 627 W
806 298 808 640 D
688 26 685 176 W
240 941 244 755 W
729 287 730 484 W
255 838 254 183 D
149 433 146 149 W
413 408 413 667 D
607 600 607 111 D
813 728 814 902 W
507 521 504 665 W
443 293 445 234 W
224 64 223 299 W
252 289 252 753 D
668 528 665 577 W
363 753 362 320 D
209 722 207 82 D
4
0 0 1000 0 E
1000 0 1000 1000 E
1000 1000 0 1000 X
0 1000 0 0 X
3
319 319 319 320 E
319 319 320 319 W
319 320 320 319 X
0
