1
10 10 10 10
10 10 5
9 9 1
1
16 43 41 24
2 49 41
26 24 16
2
10 10 2 5
10 2 2 2
10 2 3
2 2 2
1
10 2 2 2
5 2 1
15 2 1
1
10 2 2 2
5 2 3
15 2 3
1
10 2 2 10
6 2 1
4 2 1
1
10 2 2 2
4 -1 0
15 2 2
1
10 2 2 2
6 1 0
15 2 2
2
10 10 10 5
2 2 2 2
3 3 2
9 9 9
2
10 10 10 5
2 2 2 2
3 3 2
9 9 8
2
10 10 10 5
2 2 2 2
3 3 2
11 11 11
2
10 10 10 5
2 2 2 2
3 3 3
9 9 10
1
6 6 10 6
2 2 8
2 10 0
1
6 6 10 10
2 2 8
2 10 0
1
6 6 5 5
2 2 8
2 10 0
10
1 1 1 1
10 10 10 1
7 0 5 3
0 6 9 2
100 100 100 10
20 5 22 4
0 30 2 15
28 49 5 15
0 0 1 1
78 19 3 10
5 5 2
100 30 19
10
1 1 1 1
10 10 10 1
7 0 5 3
0 6 9 2
100 100 100 10
20 5 22 5
0 30 2 15
28 49 5 15
0 0 1 1
78 19 3 10
5 5 2
100 30 19
9
1 1 1 1
10 10 10 1
7 0 5 3
0 6 9 2
100 100 100 10
0 30 2 15
28 49 5 15
0 0 1 1
78 19 3 10
5 5 2
100 30 19
-1
