242 250
8 10
8 9
14 16
9999999944 9999999966
9999999990 10000000000
9999999968 10000000000
24 28
90 96
114 126
140 148
200 210
524 540
888 906
1130 1150
1328 1360
1670 1692
1832 1846
2478 2502
2972 2998
4298 4326
5592 5622
9552 9586
15684 15726
16142 16182
19334 19372
19610 19660
28230 28276
30594 30630
31398 31468
31908 31956
34062 34122
35618 35670
43332 43390
44294 44350
81464 81508
82074 82128
89690 89752
134514 134580
155922 156006
162144 162208
173360 173428
188030 188106
212702 212776
265622 265702
360654 360748
370262 370372
396734 396832
404598 404670
404852 404940
461718 461800
492114 492226
542604 542682
544280 544366
604074 604170
927870 927960
1098848 1098952
1100978 1101070
1349534 1349650
1357202 1357332
1388484 1388586
1444310 1444410
1468278 1468386
1671782 1671906
1895360 1895478
2010734 2010880
2238824 2238930
3117300 3117420
3826020 3826156
3851460 3851586
4652354 4652506
5518688 5518816
5845194 5845308
6034248 6034392
6371402 6371536
6752624 6752746
6958668 6958800
7621260 7621398
8421252 8421402
10343762 10343902
11981444 11981586
13626258 13626406
17051708 17051886
17983718 17983872
20285100 20285262
20831324 20831532
27915738 27915906
33803690 33803848
36271602 36271782
37305714 37305880
38089278 38089452
38394128 38394298
39175218 39175378
39389990 39390166
46006770 46006966
47326694 47326912
49269582 49269738
52721114 52721286
70396394 70396588
79167734 79167916
83751122 83751286
107534588 107534788
112098818 112099020
122164748 122164968
123454692 123454882
134065830 134066016
142414670 142414858
147684138 147684322
166726368 166726560
189695660 189695892
191912784 191913030
192983852 192984058
202551668 202551882
215949408 215949618
216668604 216668838
232423824 232424028
253878404 253878616
327966102 327966318
367876530 367876770
378043980 378044178
387096134 387096382
391995432 391995670
409866324 409866546
436273010 436273290
519653372 519653596
525436490 525436720
555142062 555142306
607010094 607010322
630045138 630045388
649580172 649580446
673919144 673919380
693103640 693103882
895858040 895858266
944192808 944193066
1202442090 1202442342
1282463270 1282463542
1294268492 1294268778
1316355324 1316355580
1391048048 1391048316
1438779822 1438780086
1453168142 1453168432
1579306790 1579307056
1649328998 1649329258
1667186460 1667186742
1851255192 1851255462
1855047164 1855047442
1872851948 1872852202
1948819134 1948819422
2300942550 2300942868
2357881994 2357882256
2433630110 2433630412
2842739312 2842739596
3842610774 3842611108
3917587238 3917587542
4024713662 4024713970
4260928602 4260928878
4302407360 4302407712
4372999722 4373000038
4758958742 4758959040
5260030512 5260030806
5490459102 5490459408
5692630190 5692630482
5837935374 5837935698
5893180122 5893180452
6291356010 6291356338
6570018348 6570018658
6675573498 6675573798
7961074442 7961074762
8605261448 8605261786
8650524584 8650524880
8948418750 8948419062
0 0