3 8
5 18
1 50
4514 9300
946 1027
2274 6594
7220 9045
7914 9638
8931 9124
6173 7949
4631 8959
3940 7841
6519 9695
6006 9030
8799 8933
6109 7230
6164 6270
8394 8540
5456 7310
5307 6448
5122 8162
5453 7967
881 7598
1459 7977
8913 9737
7924 9686
9820 9967
9838 9895
272 9034
3395 6486
8891 9035
1041 6518
6558 7837
8090 9391
3917 9356
7599 9736
3877 6664
8077 9393
1829 5222
1736 2817
6412 6859
2504 9561
8634 9486
8622 9956
8518 9306
4752 8031
5233 7051
943 2274
9778 9979
5761 8889
3635 6072
4384 5470
489240249 692664667
279951292 654415407
268893795 367052223
1 479295379
442758393 785582740
693819838 777120285
400833766 450041710
90241471 772789960
901480594 960205037
527807980 849017222
134521295 146532665
504827197 611660713
544434109 546892191
880223441 916498191
842273092 975854164
153027734 511034904
983150073 999052756
524160660 789299574
247368014 380735728
21544961 548174491
507281872 987026225
773666082 774611658
1 40546461
810799975 859853477
277860260 525222846
819034983 830972805
384536099 803796061
806598752 839581057
1 155068737
893858627 941141171
554754090 975890967
787640043 822075738
824920646 997470841
1649716 490169555
1 82912891
552933190 713219359
420926556 719942192
331198745 536173593
139811138 547748580
222605568 560603759
36393471 481656727
262390974 602916859
1 12504516
1 985161270
118948996 919842018
238072869 955578242
1000000000 1000000000
1 1000000000
0 0
