1
300 200
430 500 -50 -40
2
624 100
724 400 150 -150
400 200 100 20
2
624 100
723 401 150 -150
400 200 100 20
1
800 200
700 600 200 1
3
100 70
100 100 200 150
900 700 200 150
748 536 -200 -150
3
300 70
100 100 200 150
900 700 200 150
748 536 -200 -150
10
55 45
513 385 192 144
1023 767 -192 -144
515 383 -192 -144
1 233 192 143
509 1 -193 144
715 1 -191 144
938 88 191 145
1 547 192 145
1016 520 193 -145
227 225 193 -143
2
512 384
256 184 105 100
768 485 -200 -198
9
607 164
34 260 -147 1
482 406 74 -77
62 190 -99 178
768 177 -187 -145
822 33 -90 -162
972 217 -178 -157
911 543 146 168
547 208 -74 -109
848 656 100 -147
7
73 542
531 351 -50 6
274 40 170 -92
535 544 167 -135
311 180 -135 138
1019 523 71 94
575 603 -100 125
939 466 185 -167
9
60 618
505 647 -153 -156
142 442 199 169
980 752 161 -187
885 109 -194 184
659 747 -186 195
466 394 -171 191
354 363 184 173
113 232 172 161
346 660 -166 157
10
923 97
610 215 -168 -158
802 83 170 -193
222 258 194 157
144 337 177 -191
882 333 -180 169
916 340 151 159
387 507 -182 177
217 250 181 197
869 718 194 -194
976 253 -199 156
7
53 657
414 249 200 -160
856 305 169 193
98 707 -198 167
771 380 -183 -195
244 506 -165 162
957 18 193 -176
742 586 -163 -164
9
635 713
488 525 -167 -165
706 149 175 171
643 516 180 -187
155 38 -195 191
379 74 185 169
434 739 195 -180
540 749 -159 161
36 491 -199 154
357 251 -193 191
10
305 186
326 534 190 -154
686 454 -162 -159
684 557 171 196
922 467 196 -191
299 222 -165 -187
750 523 -196 190
707 72 157 150
147 512 -172 -181
628 569 152 161
148 188 -174 -190
9
291 739
12 704 194 -162
47 417 -154 158
32 252 -195 -180
209 311 -191 153
871 68 161 -182
747 89 175 191
96 362 168 176
575 610 -200 -166
954 205 -184 -161
6
814 205
555 505 190 -165
494 69 -177 154
313 401 151 174
863 730 -181 192
22 577 -180 -155
376 623 181 -177
10
880 281
284 60 -152 -190
930 681 -200 167
15 737 -154 -165
183 32 154 167
753 180 151 197
489 199 -190 197
209 365 190 -174
124 13 187 -186
255 727 199 152
765 580 188 -171
10
262 369
176 338 175 162
30 731 -158 -177
894 716 -184 -155
572 615 -184 156
736 379 -183 187
671 282 187 -198
1020 238 -175 -185
349 313 -199 -166
362 141 -175 188
261 239 -187 180
1
657 741
197 591 193 173
9
100 70
100 100 200 150
900 700 199 150
748 536 -200 -150
684 372 -199 -149
854 335 -198 149
530 294 -199 149
900 648 200 -149
393 700 199 150
898 481 200 148
0
