0 0 1 1 99 99
0 0 99 0 0 99
1 1 90 0 0 30
98 98 0 97 99 0
99 0 1 1 0 98
99 10 80 80 50 1
0 0 35 57 48 49
49 48 35 57 0 0
0 0 4 5 30 80
46 99 74 16 15 1
16 35 53 36 23 40
15 48 43 26 4 31
57 79 72 35 92 0
70 83 72 87 52 18
82 99 60 12 72 13
11 9 94 46 61 75
8 54 64 89 38 61
43 58 8 68 80 37
96 72 87 69 90 20
70 1 34 74 77 58
60 96 11 44 17 22
65 65 20 62 95 28
44 11 25 99 68 95
97 42 29 42 36 24
25 2 55 3 57 51
86 58 96 78 16 96
53 53 65 81 67 54
20 58 38 21 2 25
56 23 86 79 44 96
47 57 79 6 44 41
53 90 35 86 47 10
43 25 39 44 78 2
91 34 55 50 33 82
37 10 26 68 37 3
22 62 56 63 28 95
59 65 39 27 30 80
95 22 91 2 87 47
5 75 43 99 29 18
22 53 95 64 30 76
0 0 9 9 1 1
10 9 0 0 20 30
0 15 11 9 10 20
20 80 21 15 0 99
20 80 39 61 0 99
5 95 0 13 13 18
5 95 0 13 13 19
95 95 1 0 0 1
45 73 88 12 11 42
99 0 1 1 0 47
99 0 1 1 1 47
55 30 53 22 11 64
40 53 47 68 48 34
31 3 59 64 60 12
15 29 76 32 74 49
62 90 91 36 95 35
22 53 95 64 30 76
64 75 12 20 25 9
87 44 89 0 83 59
1 2 0 0 60 80
2 99 0 1 1 0
