8 8
1 2 1
2 3 1
3 4 1
4 1 1
5 6 1
6 7 1
7 8 1
8 5 1
1
1 5 3
8 5
1 4 2680
2 3 4645
3 7 7850
3 8 9224
1 2 9756
37
1 7 4492
1 3 6669
7 4 2228
8 6 6075
5 7 9979
1 7 3587
4 8 4993
2 5 7034
4 2 6705
8 1 7766
7 8 9305
3 2 1812
2 5 6181
8 3 4098
2 1 7455
3 1 7233
8 1 5179
1 6 8414
4 3 9134
8 5 2684
1 3 4369
7 8 4975
3 2 920
2 6 2449
7 8 266
6 1 2737
7 6 261
7 5 6775
2 1 6208
3 6 8103
6 5 8051
5 7 6653
4 3 6070
2 6 2843
2 6 6600
3 8 6263
3 2 2159
5 1
4 5 4634
14
3 4 749
3 5 4375
2 4 1898
5 3 6902
3 1 3226
5 3 5929
4 3 6465
1 5 5815
4 2 4504
5 1 6159
2 5 1947
3 1 474
5 2 6253
1 3 3009
8 22
2 8 8756
4 8 4149
4 7 8558
7 8 5362
2 4 5203
1 6 8649
6 8 3028
5 8 8991
1 8 1940
6 7 5566
3 4 767
1 4 6439
1 5 1830
3 7 8478
5 6 3806
3 5 8274
1 2 3765
2 7 5928
2 5 2221
2 3 1939
4 6 2818
3 6 455
50
3 2 849
5 4 6991
3 5 5487
5 4 7356
2 3 1716
1 8 872
4 7 5590
5 6 6063
6 4 2799
8 5 5407
8 1 6981
8 3 1638
5 3 2655
3 7 3425
1 7 5698
7 6 9676
6 2 6158
5 2 5335
5 6 9329
8 7 6018
5 6 4147
5 4 3240
4 3 7413
1 8 4339
5 4 869
4 3 4286
2 1 7292
1 3 284
1 7 4711
2 6 260
4 6 2318
5 3 3846
8 6 3421
1 3 9378
4 1 3290
7 5 1699
6 2 1202
6 3 8197
1 6 6780
7 3 5862
6 3 3590
8 6 949
8 2 1055
5 4 7015
1 5 1404
4 2 5952
3 4 363
3 6 2007
8 1 3153
5 6 7094
11 4
7 10 9612
1 11 4084
2 6 7288
8 11 3758
105
6 1 2492
1 5 2926
7 6 7202
11 9 6375
3 2 9612
8 4 2683
1 8 1183
6 8 6187
4 5 1368
10 7 7543
8 10 8739
2 3 6264
11 4 2855
2 7 6414
7 8 2230
7 3 4040
2 4 3069
3 9 9045
6 8 3926
6 4 7931
3 10 7983
6 11 7419
10 2 4720
2 10 9394
11 9 1169
2 11 326
1 8 815
7 6 8602
7 4 2496
5 7 4169
7 2 9392
3 2 6977
9 7 1706
6 10 6571
6 11 8040
8 9 3815
8 7 6997
5 11 1781
9 7 9178
5 4 1364
11 2 9115
4 6 8334
7 5 949
4 6 8555
10 1 6598
3 6 8543
4 5 9997
1 8 4444
2 11 7264
3 6 8577
7 10 5511
9 10 4869
4 5 2607
9 6 9130
1 6 679
5 4 2190
8 6 3394
4 3 1593
7 2 4746
7 8 7975
11 1 3097
9 11 3548
1 3 4678
10 5 7962
1 9 869
3 9 7707
7 10 8995
9 7 3965
11 1 3896
10 2 488
9 10 4927
3 5 2379
9 6 7177
11 8 7082
9 8 6208
6 8 8444
4 2 7971
7 3 9138
5 7 3402
5 7 7653
2 8 2705
10 1 3089
4 6 2471
7 10 5215
4 8 6024
5 9 9586
8 2 5465
11 6 4697
4 11 8148
6 4 4917
3 11 8286
6 2 7762
5 10 2644
5 7 3965
7 9 5516
5 3 4336
3 6 437
10 5 7787
6 1 4156
10 1 5864
11 7 587
7 1 6757
1 9 8924
5 9 5511
10 8 5665
8 2
5 8 7778
4 7 8798
21
6 2 4432
3 4 3287
3 5 924
6 2 8729
3 6 3112
8 1 8965
3 7 9552
1 4 5401
2 4 9488
5 2 8180
1 7 9458
8 2 5501
5 8 3851
7 3 8059
2 4 2736
2 8 3388
7 6 9339
2 6 3582
5 6 5491
8 6 9596
5 2 3710
8 11
2 7 3359
1 8 5000
3 4 1692
2 5 1974
3 7 6385
1 2 4474
3 5 1495
4 7 8799
1 6 7188
2 4 6815
6 7 4610
10
7 4 6693
2 3 3753
2 5 8526
1 8 9080
1 2 1010
5 8 8759
7 6 5149
1 2 8616
6 3 2222
1 5 1291
13 6
5 12 9066
2 10 7100
3 8 2524
1 13 339
3 5 164
8 11 1699
39
10 9 8813
5 2 8476
12 13 9345
1 10 9807
2 10 9347
13 6 9306
13 12 4103
8 10 3964
1 5 3848
12 2 9734
13 3 2935
7 2 6735
5 12 5834
11 9 4752
2 3 3814
9 11 3927
11 7 6245
12 4 2984
7 13 6286
13 6 2624
4 8 6105
1 7 7966
2 3 9690
8 10 5286
13 3 2523
5 11 7532
3 6 9076
7 1 9139
1 13 9771
9 5 8421
4 11 7646
2 1 2315
9 5 6967
2 13 7398
4 11 4658
11 4 1136
2 8 794
5 2 9654
2 13 3324
12 36
4 8 1908
2 8 4168
2 5 7758
4 7 2690
8 12 6531
4 12 5969
8 11 8081
6 7 5479
5 10 6842
3 12 8117
11 12 5594
2 7 8977
3 6 2311
3 5 3541
7 10 7997
4 6 8298
1 3 4701
2 12 4820
9 10 4730
4 11 2200
1 8 4192
5 7 7813
2 10 7390
10 11 2945
5 9 1702
6 8 1796
6 12 2755
1 6 9107
1 12 5161
4 10 6965
3 11 5606
1 2 3187
8 9 222
5 6 9744
3 8 2662
1 4 8965
114
12 4 225
8 1 3365
7 10 1035
9 3 5758
2 10 5710
2 7 4484
8 9 6994
6 12 3382
3 7 1995
4 5 1252
2 8 8423
8 5 5203
6 9 2714
9 11 9096
10 8 5541
6 5 9360
8 3 5722
3 1 1636
7 3 6449
7 9 4514
6 5 3928
10 6 3126
1 4 4118
1 2 1411
8 1 6349
4 8 7907
6 11 3893
8 12 9821
5 11 4612
3 8 3749
12 2 3270
8 4 8144
11 4 8702
4 10 7226
6 1 7409
4 2 2876
2 6 7005
7 6 4126
8 3 6154
6 3 7035
6 8 3788
12 9 1849
6 2 9550
5 8 8738
11 6 8336
10 9 7008
10 6 9516
1 2 7846
8 3 5807
11 1 6004
12 10 5393
5 11 6867
5 8 2475
8 5 3296
2 9 1846
5 11 4614
11 6 2397
4 11 7018
5 7 714
2 3 4850
1 4 4634
8 2 768
6 11 1098
2 9 9166
10 7 5052
4 1 8073
4 1 2899
3 4 4679
2 5 697
3 4 8413
8 2 2876
9 1 9345
4 6 8858
7 6 8003
1 11 7097
1 4 3696
6 12 9733
3 10 6446
8 12 6373
9 11 4411
10 2 4301
5 10 3884
1 10 4393
5 8 5520
6 2 6853
9 5 835
7 5 7881
3 6 9705
2 10 3833
12 1 3227
11 4 4029
3 6 2851
8 9 741
8 3 5558
11 10 3356
7 6 6990
5 1 6751
10 12 6822
5 6 8404
6 4 1745
11 7 7679
12 7 1318
2 12 3104
11 4 5093
1 4 7197
12 4 4833
5 12 1533
7 9 7613
3 9 7167
9 5 4082
4 6 2092
11 7 3117
7 4 4479
5 1 5072
11 11
2 11 1770
3 5 4486
7 8 7647
4 6 2646
5 11 8780
4 5 5732
2 10 5293
5 10 7658
5 6 8063
1 10 3655
2 5 2756
100
7 11 5166
10 9 6882
5 11 5913
8 2 7783
10 11 947
11 1 3818
9 2 806
6 11 6071
11 8 4559
4 1 548
10 5 852
5 1 886
4 6 7454
6 3 6750
2 4 2458
3 7 2033
4 10 7110
7 11 4141
5 7 3649
4 11 8931
1 3 8484
11 3 8249
3 9 3511
2 9 4629
3 5 6177
1 6 5483
9 3 5505
6 7 392
8 6 2192
7 11 2586
10 3 6578
4 6 2731
2 10 8025
9 5 9689
6 1 3575
1 3 5193
6 1 621
3 5 4156
10 8 1076
9 11 4756
3 6 7807
9 1 6971
8 6 8774
3 1 5490
9 5 9951
7 9 6679
7 9 7656
10 4 2676
1 3 5189
2 10 7549
7 1 6494
7 2 3063
4 8 2586
11 9 2619
1 11 2345
4 3 8390
5 7 7895
3 1 3582
1 8 1185
10 2 6165
3 1 5449
8 1 9434
2 1 3751
10 3 4140
6 10 6871
10 2 298
5 10 5221
6 7 8155
9 4 7676
11 9 3105
8 4 7253
6 9 4022
5 8 6157
3 1 2758
2 4 8088
9 3 8046
8 5 527
8 1 5871
10 1 9147
11 5 6839
2 6 6032
3 9 8738
7 1 5768
9 8 9295
4 9 2333
3 7 7986
4 11 8488
4 2 207
2 6 4591
10 11 3315
11 5 5902
3 4 7539
7 8 8320
11 5 6179
11 7 6070
7 6 3633
6 11 4608
5 2 2930
9 10 734
4 6 6329
10 2
9 10 1075
3 4 529
49
6 9 6865
2 3 6664
1 9 9181
3 10 7042
2 3 954
1 2 2879
10 3 6093
5 4 1825
4 3 761
3 9 4736
3 7 439
9 2 7717
4 1 8965
3 10 3985
3 7 4888
8 7 265
3 6 2694
1 3 1619
5 2 9934
1 8 9124
10 8 9773
10 9 1559
5 6 6804
4 8 7891
5 8 4989
1 10 9585
8 3 2362
5 6 5393
6 1 7027
9 8 7429
6 3 9946
9 2 4050
9 4 1470
1 7 486
1 10 3529
9 10 6163
3 6 4319
3 8 7313
5 1 787
6 2 1894
6 2 5239
1 6 5284
8 9 1817
3 6 6310
5 2 365
2 1 8981
6 4 6242
4 7 5552
7 4 4806
13 16
4 7 1036
5 8 1072
2 8 555
1 9 8957
5 9 2443
1 12 9462
5 13 6232
4 11 275
1 11 4006
11 13 7537
5 12 266
5 6 6469
1 8 5532
6 11 5480
7 11 1064
8 12 7164
62
13 9 5603
7 9 7651
2 7 628
6 2 9439
8 2 5127
1 13 314
11 1 9518
11 4 6043
1 12 7774
6 3 5662
12 11 4152
11 12 485
11 2 2479
2 9 2050
3 8 8183
13 9 6687
13 11 8138
13 9 7361
10 13 6102
5 12 3911
6 12 7785
4 9 9202
4 11 7003
12 11 1994
11 8 2795
6 1 4594
13 12 7963
9 5 536
10 7 5518
2 7 1822
9 1 3485
5 11 2246
4 5 6845
5 8 3746
4 12 3757
2 1 4375
10 9 9267
12 9 3256
8 1 1174
12 4 4416
6 3 485
2 1 3226
10 12 4246
13 11 8199
1 9 1969
6 11 1408
8 6 2933
1 11 9381
10 2 8226
11 10 6169
3 8 4608
8 9 6536
13 3 8487
5 7 9187
5 1 300
12 10 5807
13 8 4800
8 6 5515
10 5 4601
11 10 8734
4 8 5635
9 4 3463
12 1
4 8 5727
66
6 12 3606
1 9 4665
2 11 5675
7 10 7428
10 2 9166
5 6 4187
11 6 3407
9 3 4951
7 8 1417
12 6 7118
3 9 2279
3 6 4949
9 1 1409
9 10 633
11 7 7293
6 12 4291
6 1 5574
12 4 6402
10 5 7651
6 9 9533
9 8 1881
4 8 8218
4 1 8976
7 3 3390
2 1 2752
2 1 1746
4 12 2880
6 10 9324
8 3 349
3 6 9909
11 7 7598
8 11 9220
11 12 6701
6 1 8937
8 7 7844
3 7 7171
6 1 6680
11 3 8149
6 7 8815
8 3 9794
10 12 6807
1 6 1824
7 9 8337
10 2 9696
10 11 6297
12 8 7971
10 2 4480
4 8 9296
7 3 4381
3 10 4667
9 5 3154
8 12 7622
4 8 5839
4 10 272
2 4 6367
12 7 8571
12 4 3573
4 8 6047
11 8 3883
8 2 6250
5 2 9914
11 5 8320
2 11 8983
7 11 1655
6 2 9206
1 12 1691
12 6
1 2 100
3 4 100
5 6 100
7 8 100
9 10 100
11 12 100
49
2 10 562
5 10 8755
4 9 7386
6 12 316
2 6 3670
4 6 6588
9 5 1641
5 8 6918
6 2 5228
3 8 6670
2 6 7167
12 2 5511
10 12 8434
1 11 964
6 10 4681
8 7 3997
11 4 6935
10 4 4560
1 2 788
12 5 800
7 12 7584
6 11 4138
5 4 1657
1 6 851
9 12 9809
9 4 1619
8 11 1014
3 6 5233
3 10 6031
11 6 1747
8 4 1700
8 10 2115
1 8 9616
10 12 5749
7 2 5724
1 10 2993
8 4 4129
8 4 5976
2 11 3318
9 1 5088
9 12 5559
1 4 7242
4 2 7032
4 10 3116
1 5 1154
9 10 8184
8 4 7822
6 12 8937
10 9 1762
13 9
1 2 100
2 3 100
3 4 100
4 5 100
5 6 100
7 8 100
9 10 100
11 12 100
13 11 100
34
5 10 8755
6 12 316
2 6 3670
4 6 6588
13 4 312
5 8 6918
3 8 6670
12 2 5511
1 11 964
8 7 3997
10 4 4560
1 2 788
12 5 800
7 12 7584
6 11 4138
5 4 1657
1 6 851
9 4 1619
3 10 6031
11 6 1747
1 8 9616
13 8 7892
10 12 5749
7 2 5724
8 4 4129
2 11 3318
9 1 5088
9 12 5559
4 2 7032
1 5 1154
9 10 8184
8 4 7822
10 9 1762
1 13 8912
12 7
1 2 100
2 3 100
4 5 100
6 7 100
7 8 100
9 10 100
11 12 100
49
2 10 562
5 10 8755
4 9 7386
6 12 316
2 6 3670
4 6 6588
9 5 1641
5 8 6918
6 2 5228
3 8 6670
2 6 7167
12 2 5511
10 12 8434
1 11 964
6 10 4681
8 7 3997
11 4 6935
10 4 4560
1 2 788
12 5 800
7 12 7584
6 11 4138
5 4 1657
1 6 851
9 12 9809
9 4 1619
8 11 1014
3 6 5233
3 10 6031
11 6 1747
8 4 1700
8 10 2115
1 8 9616
10 12 5749
7 2 5724
1 10 2993
8 4 4129
8 4 5976
2 11 3318
9 1 5088
9 12 5559
1 4 7242
4 2 7032
4 10 3116
1 5 1154
9 10 8184
8 4 7822
6 12 8937
10 9 1762
11 38
4 11 4778
1 9 5156
1 7 3539
5 8 3249
5 7 8456
8 9 6910
4 5 3113
1 11 8193
6 10 4938
1 6 3417
3 4 4654
6 8 8059
9 11 4370
1 4 4229
9 10 7486
6 9 5618
6 7 5998
4 9 1007
4 6 4095
3 5 4314
5 9 7426
4 8 2235
3 6 4210
7 10 9120
8 10 5747
7 11 6777
3 9 6178
2 9 9101
2 3 5993
2 10 1435
7 8 6783
3 7 692
7 9 7504
3 11 2235
2 7 2422
1 10 8386
2 8 3533
3 8 9695
2
4 11 787
3 6 1510
10 2
2 4 1801
3 4 8657
18
10 4 4432
8 1 3328
4 8 5021
5 2 727
5 2 6927
6 9 6065
10 9 6689
6 2 716
2 4 4883
6 8 4825
4 2 5568
4 2 8488
3 9 893
7 10 8372
10 3 3724
10 7 1158
2 9 4981
3 10 2703
13 3
5 13 7130
11 13 2473
8 9 5514
157
5 8 9420
1 3 3933
13 8 5694
9 2 2671
12 6 2614
12 4 2654
9 2 1714
4 5 3132
7 9 3629
4 3 6480
3 12 2878
12 4 7813
1 12 7918
13 10 2746
13 12 9356
1 8 4664
11 6 1954
1 10 2758
1 3 4999
11 8 8650
3 7 2456
6 5 6279
1 7 2663
9 5 4214
8 11 4596
5 8 3328
11 7 6413
4 5 475
3 6 1162
7 3 3978
8 9 7269
1 4 5408
12 1 6656
11 9 5148
13 4 1033
3 13 8404
6 3 7703
12 4 8098
10 8 6004
5 2 6453
9 10 7993
2 10 833
6 7 9581
4 6 3289
3 5 4481
1 8 396
13 11 664
12 2 6140
10 9 278
7 4 745
7 13 4728
11 6 8984
4 12 7192
12 7 3464
8 7 2518
5 8 8980
9 2 5934
11 10 7656
12 5 2843
2 8 1223
2 9 8302
9 10 3753
11 8 278
7 4 7886
10 7 7370
9 6 4780
12 8 2840
8 2 2910
10 7 2159
3 13 2253
8 10 9769
13 7 7020
8 7 6760
10 5 2064
7 2 1376
3 13 3755
1 12 4168
7 6 8865
8 12 9618
11 2 9211
8 7 9244
2 5 9675
1 4 1479
10 4 6879
1 4 587
6 1 3031
3 13 4134
7 1 6593
2 9 2897
5 1 2624
4 12 7980
11 7 8785
2 11 5346
2 1 4463
8 12 4510
13 8 9210
13 7 256
13 1 2385
7 1 5964
6 8 1904
11 6 850
7 5 4900
12 13 4445
12 1 3356
5 13 6440
1 10 6859
8 1 3613
12 1 2023
6 5 2702
6 9 8328
1 5 5140
5 7 487
2 6 313
13 4 2687
9 6 8333
1 9 3858
8 11 3895
10 1 2243
1 3 3242
13 3 9955
3 7 7384
4 12 1049
5 9 9519
3 9 7503
7 9 8871
5 13 8435
7 5 669
10 6 4925
10 6 5140
4 10 5245
2 10 1744
11 7 5103
1 8 3279
6 7 9832
4 2 9793
7 2 6978
4 6 7424
4 8 9119
8 6 7471
2 11 1032
11 7 3253
7 12 4461
7 12 4259
2 9 8533
12 10 7864
13 1 8433
7 1 4614
10 7 6394
8 2 6662
8 11 5934
7 5 4136
6 10 4734
9 10 1336
4 12 2734
13 6 2156
13 3 7530
8 9 9898
10 8
1 2 1
2 3 1
3 4 1
4 1 1
5 6 1
6 7 1
7 8 1
8 5 1
1
1 5 3
0 0
