6 4 3
1 1
4 1
5 1
4 5
3 0 3 6
0 3 6 3
3 0 6 6
2 1 0
1 1
2 1 1
1 1
1 2 2 1
2 1 1
1 1
0 2 2 1
5 2 4
2 3
2 2
1 0 0 1
5 3 1 0
1 0 3 4
3 4 5 1
3 1 1
2 1
0 2 3 2
3 2 1
1 2
1 1
1 3 3 2
4 4 1
1 2
1 1
3 1
3 3
3 4 4 1
2 1 0
1 1
4 4 3
3 2
1 1
3 3
2 3
2 3 3 4
1 1 1 4
0 0 3 1
5 2 2
3 1
3 4
5 4 3 4
5 2 3 5
3 0 1
1 2 2 1
4 2 0
2 1
1 1
5 4 1
1 2
4 2
4 4
1 1
1 1 0 2
4 1 1
2 1
0 1 4 4
4 3 3
1 3
2 1
3 3
1 2 1 3
2 0 4 1
1 4 4 2
5 3 4
1 1
1 2
2 3
2 1 5 2
4 0 0 1
5 5 1 4
5 0 4 4
3 2 1
2 1
1 2
2 0 1 2
5 1 0
4 1
3 1 1
1 2
2 0 0 2
4 5 1
2 1
1 2
3 2
3 1
3 3
1 2 3 2
6 14 4
4 2
3 1
5 5
4 1
2 5
2 1
5 3
1 4
1 1
3 5
4 4
5 2
2 3
5 4
3 3 0 1
5 5 0 3
5 2 6 5
4 0 6 6
4 6 4
1 3
2 3
2 2
2 1
3 3
1 1
1 4 0 3
0 0 2 1
1 4 0 0
4 3 2 3
3 4 1
2 2
2 1
1 2
1 1
1 1 3 3
8 10 1
5 5
3 4
1 6
4 2
7 6
1 3
3 5
2 4
1 2
2 5
5 5 6 5
4 1 3
1 2
0 4 2 1
1 3 3 4
1 4 0 3
7 14 2
4 3
3 1
5 6
5 4
4 2
2 1
6 6
4 4
6 4
3 2
2 4
5 1
3 4
4 6
4 2 2 7
1 2 7 4
2 1 1
1 1
1 0 0 2
5 6 2
2 2
1 4
2 4
3 4
3 2
3 1
1 0 2 5
2 0 2 2
3 4 1
2 1
1 2
1 1
2 2
2 3 1 1
3 1 0
2 2
6 4 5
1 4
5 4
5 2
2 3
0 6 4 0
3 1 2 2
3 1 5 1
6 6 3 5
2 6 5 1
3 4 1
1 2
2 1
2 2
1 1
1 1 2 0
3 4 1
2 1
1 2
1 1
2 2
3 0 0 2
7 3 6
6 6
6 5
2 3
5 2 3 4
1 0 1 7
0 6 5 5
3 4 0 5
0 6 7 2
5 3 2 3
2 1 1
1 1
2 1 1 1
4 4 0
3 3
1 3
3 1
1 1
6 3 1
4 1
1 4
5 4
1 1 3 2
5 12 0
2 2
2 4
4 1
2 3
1 1
1 3
3 2
2 1
3 1
1 2
3 3
4 3
6 14 6
4 4
1 3
1 5
3 1
5 3
1 2
3 3
2 1
4 3
5 2
3 2
1 1
4 2
3 5
2 0 2 4
1 5 4 5
2 3 0 3
5 0 1 5
5 1 2 4
3 2 1 6
4 9 2
2 2
2 3
3 2
2 1
1 3
1 1
1 2
3 3
3 1
0 4 2 2
3 3 0 4
7 12 6
5 4
6 1
4 3
3 2
1 6
4 4
1 5
4 6
5 3
2 3
5 2
5 6
0 7 3 1
0 5 3 3
4 7 5 4
1 7 4 3
2 5 5 2
6 0 7 2
4 2 1
3 2
1 3
4 4 0 2
4 9 4
1 3
1 2
2 2
2 3
2 1
3 3
1 1
3 2
3 1
0 0 1 1
3 2 0 1
4 0 1 4
1 3 1 2
7 12 5
5 4
5 2
6 6
1 6
2 4
2 5
4 3
5 3
4 5
6 1
1 2
1 3
6 4 7 4
3 5 4 1
5 3 0 6
0 2 2 5
7 5 0 5
3 4 1
1 1
1 2
2 1
2 2
1 2 3 3
2 1 1
1 1
1 0 1 1
3 2 1
1 1
1 2
3 1 2 3
6 8 5
2 4
1 4
3 5
5 2
1 3
1 2
5 5
5 4
1 4 5 6
4 6 6 5
5 3 6 4
5 1 6 2
1 2 1 6
5 3 3
2 2
4 2
4 3
1 1 0 4
4 2 0 2
2 0 5 1
3 4 1
2 1
1 1
1 2
2 2
3 1 2 2
6 5 4
2 5
4 4
3 5
5 1
4 5
2 6 1 0
3 5 5 4
4 6 6 4
3 6 1 0
4 9 4
3 1
3 3
2 3
1 1
2 2
2 1
1 3
3 2
1 2
1 0 3 4
3 3 4 2
2 1 1 3
3 2 1 3
6 1 3
3 1
1 5 5 0
5 1 1 6
4 5 0 1
3 4 1
1 2
2 1
2 2
1 1
0 1 2 0
5 2 2
3 1
2 2
0 2 3 3
0 5 4 3
4 4 4
3 3
1 3
1 1
2 3
4 2 1 2
2 0 2 1
1 0 3 1
1 4 0 3
4 7 4
3 3
2 1
2 3
3 2
1 2
1 3
2 2
0 1 2 1
0 3 2 1
0 4 1 0
1 1 1 2
6 10 1
1 3
1 4
2 3
4 2
3 1
1 5
5 2
2 4
1 2
2 5
4 5 0 5
5 12 3
2 2
3 1
2 3
3 2
4 2
2 1
1 1
1 3
3 3
4 1
3 4
2 4
1 4 0 0
3 5 2 0
5 4 1 1
3 4 1
2 1
1 1
2 2
1 2
0 1 2 3
11 34 2
9 10
10 9
5 5
5 2
6 2
9 5
10 10
4 8
9 3
5 3
10 2
6 9
6 1
3 3
1 5
8 9
4 3
7 6
10 8
2 10
7 10
8 2
7 2
2 7
5 10
3 7
3 10
7 3
2 3
1 7
6 5
5 9
8 10
7 1
4 2 6 10
8 7 4 7
3 3 1
1 2
1 1
2 1
0 1 1 3
7 35 1
4 4
5 1
6 4
1 2
6 1
2 2
1 1
3 1
6 3
4 5
3 3
4 6
5 6
3 2
5 3
5 5
1 4
2 5
5 4
1 6
2 3
2 1
6 6
4 2
6 2
3 4
3 5
2 6
4 3
1 3
1 5
5 2
2 4
3 6
6 5
0 0 2 2
12 16 0
9 8
4 2
9 2
8 6
3 10
1 1
11 10
11 5
6 2
5 9
4 8
8 2
3 11
11 7
2 9
10 6
4 9 4
3 2
1 3
2 3
3 1
1 2
2 1
3 3
2 2
1 1
4 2 0 1
1 1 1 4
4 3 2 3
4 1 2 3
4 9 4
1 1
2 2
2 1
1 2
2 3
3 3
1 3
3 1
3 2
0 1 2 2
2 2 0 4
2 0 0 1
4 1 1 3
4 9 4
3 1
1 3
2 2
1 1
2 1
3 3
2 3
3 2
1 2
4 4 3 2
4 4 0 1
3 2 2 3
1 0 0 3
5 15 4
3 2
3 4
4 4
1 4
2 1
4 1
3 1
2 2
4 3
3 3
1 1
1 3
2 4
2 3
4 2
1 1 4 3
4 1 2 3
3 2 5 5
5 1 3 5
12 45 2
9 2
10 2
9 3
3 1
3 9
10 3
10 5
9 6
6 4
6 9
10 6
4 9
6 1
3 5
8 2
4 4
4 7
7 10
11 11
8 8
8 11
2 10
4 6
5 8
6 11
7 9
4 11
2 3
3 10
11 3
11 4
2 9
9 7
8 3
11 10
4 8
11 6
2 7
5 11
1 7
6 8
4 3
3 6
3 2
11 7
1 1 11 9
5 8 9 11
4 9 4
2 1
3 2
3 1
1 2
1 1
2 3
3 3
2 2
1 3
3 1 0 2
1 4 2 0
1 4 4 0
3 4 4 1
4 9 4
1 1
2 3
3 1
3 2
2 2
3 3
2 1
1 3
1 2
0 1 3 2
4 4 3 2
2 0 0 1
2 2 4 0
4 9 4
3 1
1 3
3 3
1 2
2 2
2 3
3 2
1 1
2 1
3 3 0 2
1 4 0 3
1 4 2 0
3 1 1 4
4 9 4
2 1
1 3
2 3
3 3
3 2
3 1
2 2
1 1
1 2
0 0 2 1
3 4 1 0
3 1 4 3
4 3 0 1
8 19 0
5 2
7 3
4 6
5 1
4 2
6 2
4 5
1 1
5 5
5 6
3 7
6 1
4 7
2 2
5 7
7 1
2 1
2 7
3 3
3 1 1
1 1
1 3 2 2
6 17 0
4 4
3 3
4 2
5 2
3 4
4 1
5 4
1 3
1 5
3 5
3 1
2 1
1 1
3 2
2 2
2 3
1 4
4 9 4
1 3
1 2
3 1
2 3
3 2
3 3
2 1
1 1
2 2
3 1 4 4
2 2 2 0
0 1 2 1
1 4 1 2
11 47 4
1 9
4 6
1 6
6 9
9 8
8 6
4 7
5 4
5 10
9 10
9 6
7 4
5 8
9 1
7 6
4 5
1 4
10 8
9 5
10 4
2 4
2 6
6 7
2 10
6 2
7 3
6 4
3 5
6 5
8 3
10 9
5 9
1 7
3 9
6 8
2 2
7 2
2 8
1 1
9 4
7 8
4 9
10 2
1 2
3 2
6 3
8 4
1 3 8 11
0 6 1 2
2 9 1 8
2 8 5 6
3 4 1
1 2
2 1
2 2
1 1
3 3 1 2
8 42 6
6 7
5 3
1 6
7 3
4 7
1 3
1 4
6 1
2 7
2 6
1 2
2 5
7 6
7 7
1 1
2 1
7 5
3 7
6 5
4 5
7 2
5 4
4 1
5 6
1 7
2 3
5 7
7 1
6 6
4 2
1 5
6 3
5 2
2 4
6 2
7 4
3 1
5 1
3 6
4 4
2 2
3 3
7 7 0 2
6 0 7 1
0 2 6 8
0 1 8 8
2 4 3 1
5 7 2 0
2 1 1
1 1
0 2 2 0
6 25 9
1 4
5 3
3 5
1 3
4 2
3 3
2 4
5 2
2 3
4 1
1 2
5 4
3 1
2 5
1 1
2 1
3 2
5 1
3 4
1 5
4 5
5 5
4 4
4 3
2 2
3 6 6 4
1 1 6 5
2 1 3 3
1 3 1 6
4 3 1 1
4 4 3 1
4 3 1 2
3 4 3 2
3 1 4 1
12 5 4
11 3
9 11
5 6
11 4
8 8
11 12 6 1
7 6 7 4
11 11 10 1
8 1 5 1
3 4 1
1 2
1 1
2 1
2 2
0 2 2 2
8 26 6
7 2
1 1
2 6
4 4
7 3
4 1
6 3
5 7
1 4
5 3
3 3
3 2
6 6
4 6
7 7
5 4
3 6
3 1
5 5
7 4
7 6
6 1
5 6
5 2
4 2
2 3
7 7 0 1
2 1 3 1
2 2 6 5
0 5 2 8
3 3 1 0
1 7 0 8
4 9 4
2 2
1 2
3 3
1 1
2 3
1 3
3 1
3 2
2 1
3 1 0 0
2 4 3 2
0 1 2 4
4 3 2 1
5 5 3
3 2
1 3
3 3
2 4
3 1
5 2 4 5
4 3 4 1
1 5 0 2
12 42 9
11 7
6 2
11 4
4 8
1 2
3 10
2 10
9 1
10 10
5 3
10 1
1 3
6 3
10 9
1 1
1 7
8 3
8 8
4 11
2 2
5 2
1 10
11 3
10 4
11 6
9 3
6 10
1 9
10 7
3 7
11 8
6 6
9 9
4 2
4 7
1 11
11 9
2 1
1 6
9 6
3 4
5 5
4 9 9 12
6 5 3 12
10 7 9 5
6 1 10 0
9 8 6 8
7 3 1 11
5 12 10 4
1 6 1 0
9 0 1 8
6 22 7
4 4
3 5
3 4
1 3
1 4
1 1
5 3
3 1
2 4
4 1
3 2
1 2
1 5
2 2
5 4
4 2
2 3
5 1
4 3
5 5
5 2
3 3
2 4 5 2
4 5 5 4
4 4 5 5
1 2 6 5
5 2 5 1
6 3 2 5
4 6 2 2
7 11 8
1 5
4 1
2 3
6 4
6 1
2 4
4 4
5 5
3 2
3 4
3 5
4 3 2 4
1 6 5 0
5 6 0 2
7 0 5 5
1 7 3 2
0 1 2 4
3 3 1 3
2 3 4 6
5 16 4
1 2
2 1
3 3
3 1
4 1
3 2
1 4
1 3
4 3
2 2
4 2
3 4
2 3
4 4
2 4
1 1
1 4 1 3
1 2 5 4
3 5 5 3
4 3 4 1
2 1 1
1 1
1 1 2 1
10 81 24
3 4
6 5
3 5
6 8
7 4
4 5
3 8
9 7
4 9
9 9
4 6
5 3
6 3
3 7
1 7
4 2
7 6
5 4
7 1
4 1
8 2
7 7
8 6
7 9
6 6
1 6
8 9
3 1
1 3
6 4
8 3
9 4
4 8
7 8
8 7
9 6
6 9
9 1
6 1
2 7
5 5
9 8
3 3
5 2
5 8
7 5
6 7
2 4
2 2
1 4
4 4
8 5
7 3
1 9
9 3
5 6
5 7
2 9
8 4
3 9
8 8
2 5
2 6
7 2
8 1
9 2
9 5
3 6
3 2
5 9
1 5
2 1
1 8
2 8
2 3
5 1
4 3
4 7
1 1
6 2
1 2
7 2 10 6
9 0 4 9
8 0 5 7
8 3 9 7
8 0 0 4
7 0 0 4
6 0 4 2
2 2 4 0
7 9 0 0
3 7 9 10
4 8 8 4
1 10 7 5
5 8 3 8
5 6 7 4
1 9 8 4
1 9 8 5
6 8 3 6
4 7 6 10
9 10 5 9
4 5 10 9
0 0 9 2
3 10 6 9
7 2 10 10
8 5 9 9
6 25 9
5 2
4 1
4 2
2 4
5 5
4 3
5 4
3 3
3 2
4 5
1 4
1 1
2 3
2 2
2 1
1 5
3 1
4 4
3 4
1 2
5 3
2 5
3 5
1 3
5 1
2 5 5 6
1 1 6 1
6 6 1 5
3 1 4 6
4 5 6 3
0 3 1 3
1 1 5 5
5 2 0 5
6 3 0 5
10 81 19
5 4
5 9
8 9
2 1
6 5
9 9
9 5
1 3
4 2
5 8
4 9
2 3
3 4
2 9
4 3
8 1
5 1
2 6
1 5
9 2
9 4
2 5
4 6
7 3
1 6
1 2
1 7
4 1
8 7
5 3
6 6
2 4
7 5
7 7
3 1
3 3
1 1
9 7
9 6
4 8
7 4
2 7
2 2
5 5
3 9
8 2
1 8
5 6
7 1
5 2
8 6
8 5
4 4
7 8
6 4
4 5
9 1
9 8
6 3
8 4
1 4
6 2
7 6
1 9
6 8
3 2
6 1
2 8
7 9
3 8
5 7
7 2
9 3
3 5
6 9
3 6
8 3
4 7
3 7
8 8
6 7
8 2 6 5
10 10 7 3
7 10 6 5
4 2 4 0
9 2 10 0
2 1 0 8
2 9 5 4
6 9 10 9
10 5 2 6
1 1 8 6
9 2 7 7
1 0 8 8
8 5 8 9
10 4 1 4
2 7 1 3
10 7 0 6
3 0 8 10
9 2 10 2
1 6 9 7
64 970 7
28 40
46 39
1 2
47 12
34 62
38 57
26 44
55 12
35 40
22 2
43 23
19 22
21 35
42 18
53 24
26 27
60 13
6 51
38 8
3 18
12 19
38 55
47 14
4 37
60 43
9 25
16 54
25 10
29 36
45 51
27 49
46 56
18 32
9 20
42 55
5 17
40 61
34 4
51 53
47 6
31 9
57 55
29 16
26 3
2 61
14 12
3 13
42 9
62 23
7 4
27 63
39 15
29 55
19 11
48 20
12 26
51 6
2 40
60 57
41 53
19 17
45 9
28 30
42 35
48 43
28 7
16 23
54 6
14 22
38 49
60 31
15 33
62 2
43 1
9 2
59 24
59 54
49 59
27 11
33 55
54 43
11 51
39 37
28 48
39 16
46 44
13 13
3 7
57 27
25 39
4 43
13 4
22 40
3 42
9 37
32 11
59 40
12 15
7 38
56 1
33 29
54 37
61 25
58 32
54 22
8 52
40 43
3 21
46 31
62 54
2 1
40 6
45 48
18 26
53 28
28 39
63 36
56 16
15 46
2 42
22 8
52 55
46 58
59 3
53 38
53 58
27 36
11 10
32 17
17 35
3 24
34 51
22 39
40 41
48 32
1 11
16 29
30 44
44 61
58 1
32 26
1 46
15 49
24 33
13 27
24 61
11 41
41 47
51 27
7 15
18 55
19 13
42 31
9 11
24 36
47 35
13 3
12 21
10 9
38 23
45 22
24 7
43 61
63 20
40 60
60 37
54 34
47 13
58 29
47 7
19 6
37 21
15 15
12 20
13 31
15 42
19 46
31 6
44 45
1 47
21 16
20 14
18 4
25 61
39 57
53 43
54 59
43 35
49 3
51 20
52 24
12 39
22 62
46 3
6 22
37 43
46 11
50 52
61 43
24 32
14 8
41 37
50 50
38 16
3 19
12 2
19 63
24 50
44 25
8 47
36 7
7 63
41 45
24 14
10 7
47 47
21 34
11 9
32 56
54 57
55 21
9 34
39 1
55 36
55 57
29 52
21 39
8 32
16 19
62 5
23 33
4 15
40 19
40 7
7 6
20 27
45 30
9 63
54 25
36 33
7 23
28 44
29 62
24 13
19 57
24 26
30 38
18 24
37 60
17 26
37 30
2 4
57 46
32 4
41 50
32 23
24 15
7 10
38 28
45 38
20 53
60 22
60 24
26 6
27 39
51 62
42 44
10 61
48 23
6 53
15 54
48 38
30 49
31 53
12 12
1 42
21 27
14 43
53 50
30 55
42 37
63 23
23 26
48 33
19 39
55 47
15 3
11 40
13 29
52 54
27 61
53 32
19 37
22 9
60 28
20 28
11 46
46 57
24 10
34 19
26 18
9 43
52 18
23 57
49 22
29 51
6 55
31 4
27 32
37 44
33 32
12 52
34 12
33 15
37 11
43 31
33 62
60 45
22 34
59 14
15 27
13 57
46 19
62 58
9 18
53 27
17 41
57 18
29 9
37 42
53 2
29 45
14 2
30 26
48 53
25 44
24 49
59 43
61 18
63 52
35 47
49 27
18 57
6 63
26 56
12 62
9 23
51 4
26 25
53 40
23 40
41 2
3 59
28 18
10 10
31 17
57 62
50 17
46 14
11 30
11 43
57 34
37 12
28 51
57 43
58 62
8 21
49 45
49 18
16 32
43 30
48 54
24 59
11 34
48 59
10 58
46 13
63 50
21 10
23 24
32 12
22 10
49 28
47 54
45 19
18 37
33 34
57 26
2 54
55 50
15 13
21 28
49 17
5 26
19 28
52 7
46 46
25 24
27 13
58 42
18 42
12 49
60 41
22 49
17 48
34 15
51 58
27 41
60 15
26 36
51 1
55 56
21 41
45 21
54 33
34 48
46 26
44 60
21 33
31 12
48 55
61 52
18 41
6 46
31 33
45 13
13 38
21 59
24 2
6 56
27 6
3 27
55 14
52 49
34 32
19 49
54 10
63 22
22 12
1 60
22 38
28 41
54 2
1 4
63 51
14 62
36 45
3 52
48 17
19 38
42 61
63 12
12 16
6 9
3 39
14 61
23 34
58 22
18 39
30 24
39 20
32 60
31 35
45 1
63 5
43 36
62 34
58 61
9 62
17 59
7 25
42 62
19 3
26 34
9 57
26 35
31 39
3 6
15 50
47 20
3 58
18 45
51 34
1 49
27 26
59 41
62 46
59 60
2 17
59 31
31 61
17 56
51 16
41 51
61 44
30 8
52 44
22 6
1 30
55 51
41 21
33 8
2 35
2 29
59 22
8 57
18 53
12 17
59 47
27 57
61 30
21 23
16 44
39 2
5 8
39 9
36 32
36 21
2 18
60 56
23 1
52 40
17 58
37 49
3 22
35 23
63 49
7 59
34 40
32 22
20 24
44 38
41 8
16 50
3 35
22 52
48 62
25 53
29 20
50 3
34 24
62 28
2 13
40 17
42 42
33 9
54 15
4 60
39 34
39 49
61 13
35 17
32 47
8 19
23 54
39 10
29 7
20 19
27 25
57 47
5 53
5 19
46 63
55 25
35 39
32 7
63 3
45 54
16 28
41 33
8 25
50 18
32 34
38 58
49 12
56 20
56 35
37 59
48 30
56 45
41 57
8 49
12 25
6 37
44 16
62 32
3 55
38 24
9 39
8 3
30 54
26 23
34 6
4 41
31 54
26 60
59 38
38 52
57 29
41 32
9 44
36 1
24 41
52 23
37 26
30 6
11 50
55 15
33 60
54 23
54 36
46 2
29 14
6 11
42 19
10 34
33 12
52 33
1 3
15 21
22 22
28 50
12 24
61 5
37 31
6 25
26 19
4 53
33 13
43 19
13 45
49 46
41 3
39 29
32 31
33 27
20 62
31 50
9 48
36 30
63 25
38 59
55 2
29 6
42 52
45 11
32 6
25 47
52 60
52 8
2 33
42 46
14 47
11 31
46 55
28 31
3 38
33 16
15 63
22 55
50 10
34 47
16 18
17 7
12 23
37 4
43 52
4 57
36 40
22 63
25 31
13 14
38 15
62 17
24 21
28 4
49 60
63 47
24 8
8 55
60 39
52 45
25 5
39 32
15 32
32 38
44 41
13 54
15 38
56 36
5 49
63 4
54 8
12 7
59 61
8 24
51 25
2 52
13 43
5 22
45 31
51 49
19 51
3 4
1 37
61 32
4 25
1 43
40 15
45 10
54 46
9 14
10 50
34 29
51 60
24 12
53 46
20 22
4 39
47 60
59 1
7 13
18 63
54 56
24 6
57 45
59 36
61 50
2 3
4 54
12 51
53 37
38 56
48 46
8 54
40 50
19 2
27 55
50 15
30 31
4 52
44 53
42 20
60 60
15 40
3 51
1 10
14 38
31 21
57 24
38 62
42 29
8 9
53 23
57 1
31 34
12 22
56 25
17 40
58 38
47 52
33 28
21 26
44 43
61 3
11 2
49 9
21 36
60 1
29 24
60 50
23 37
1 39
45 39
38 18
4 22
41 52
27 59
20 63
51 17
63 38
30 14
50 44
17 19
52 28
38 11
48 37
34 55
22 45
35 59
45 40
22 7
19 56
47 4
43 63
38 30
11 24
41 39
50 63
24 39
47 38
17 10
20 23
19 8
48 9
3 23
38 7
35 26
20 26
48 58
44 4
4 7
58 15
48 2
37 33
55 53
10 48
50 39
18 28
11 32
48 10
57 51
62 31
4 20
41 34
9 19
44 9
18 50
45 59
14 52
1 62
31 48
41 5
24 58
11 38
17 44
51 47
40 57
17 63
53 45
3 14
24 51
18 5
45 45
34 39
29 49
14 10
17 45
11 29
7 35
49 62
33 59
38 61
39 31
41 46
55 1
62 56
44 49
44 47
40 22
35 48
13 42
63 16
11 3
2 12
9 50
62 55
51 56
6 26
61 47
61 7
63 9
46 21
7 2
4 38
55 40
43 33
61 9
30 46
61 58
16 20
11 28
3 44
38 53
59 10
56 41
26 21
45 61
21 22
51 42
30 25
55 32
23 10
19 55
13 2
49 20
16 13
16 46
61 21
5 33
17 43
11 54
14 44
13 5
31 1
17 23
37 55
5 15
60 17
50 54
7 41
36 26
25 58
14 55
30 5
17 27
4 59
34 7
36 36
35 56
20 2
49 41
33 50
27 2
54 44
4 56
14 3
12 38
13 59
23 6
48 48
35 21
9 24
20 10
7 37
4 36
27 47
27 44
37 47
19 9
11 22
25 15
16 1
20 21
29 42
57 6
53 26
16 3
24 42
8 8
44 5
1 55
41 63
50 13
53 15
29 50
20 4
34 61
63 21
6 41
13 28
47 56
57 56
9 26
5 14
29 44
53 60
60 35
4 19
30 62
22 54 11 12
8 53 16 39
29 22 14 24
63 38 17 4
43 62 27 49
17 16 57 11
64 55 15 38
56 910 20
15 23
25 6
54 20
3 42
26 23
10 29
12 55
36 20
2 1
7 36
9 52
48 33
20 43
35 32
42 11
17 54
6 55
20 27
33 40
19 21
1 40
22 5
21 16
32 51
55 53
35 30
28 49
13 17
23 13
2 16
37 30
19 23
24 48
36 8
19 27
2 13
14 50
50 14
43 53
27 40
18 3
55 13
46 34
5 28
22 23
29 22
26 1
22 11
19 42
47 41
19 5
39 3
55 26
36 41
31 54
50 45
18 25
45 25
52 2
18 33
55 5
20 25
37 42
30 42
37 8
23 6
35 47
13 24
36 17
37 9
18 16
9 53
30 39
45 12
19 52
10 50
17 27
28 4
29 49
11 13
34 55
28 6
44 41
1 33
25 7
28 39
21 6
33 38
45 21
28 53
15 53
37 28
11 6
7 35
24 27
31 9
51 49
35 2
48 1
23 14
15 44
7 45
4 6
2 11
34 28
4 3
40 16
33 25
38 6
50 17
16 29
29 28
55 17
17 8
44 38
38 12
39 33
40 13
29 47
20 18
27 30
2 47
49 45
42 1
50 16
40 48
46 20
10 1
15 52
39 5
42 44
18 36
9 47
50 32
35 3
26 24
30 28
44 14
44 19
44 52
25 51
14 44
25 40
38 2
17 40
54 7
28 52
45 15
52 9
34 48
35 13
8 45
27 14
29 17
38 19
33 16
4 37
6 23
16 24
52 13
2 43
36 27
6 36
53 4
37 46
8 9
51 14
38 41
1 47
21 19
52 43
17 42
45 29
29 41
11 25
30 13
4 41
5 52
28 43
23 8
51 54
46 45
7 29
48 6
38 14
5 34
28 2
14 37
7 20
10 9
6 40
12 39
42 19
1 28
42 34
47 32
9 27
28 5
23 49
26 9
22 37
52 12
2 37
44 34
1 38
54 23
52 54
22 26
24 32
43 54
42 17
53 37
40 2
37 44
50 43
33 15
32 1
22 6
27 2
30 35
50 1
3 13
17 2
32 32
47 29
36 2
49 42
32 23
2 49
51 53
23 39
24 54
11 10
17 52
48 25
8 47
32 14
47 24
4 2
24 40
28 22
22 36
19 47
28 28
52 38
33 23
48 48
3 14
38 21
30 8
26 30
10 3
5 30
12 47
44 4
38 35
41 40
39 35
53 10
35 11
11 34
11 1
10 44
39 49
35 34
21 21
36 44
23 7
15 14
32 3
10 40
18 39
49 8
55 10
46 6
29 50
5 24
3 48
53 47
7 55
37 54
18 43
21 2
11 44
6 4
15 4
33 18
29 31
14 28
25 11
40 54
5 39
47 42
14 55
16 47
31 10
41 37
22 28
20 48
32 7
15 39
2 20
46 11
42 2
36 37
40 43
7 4
8 16
16 13
4 52
28 3
15 13
27 55
42 7
35 36
44 43
49 14
39 12
17 37
9 54
47 1
41 12
45 46
2 3
30 30
51 9
8 8
20 35
47 11
29 54
31 41
47 27
33 33
23 38
13 37
27 50
13 21
1 42
22 19
54 45
20 40
6 30
9 45
35 28
35 35
47 49
4 7
15 31
51 51
23 10
51 31
55 51
33 21
36 34
9 22
35 53
28 16
13 44
34 15
49 2
38 26
26 25
29 52
3 19
20 42
48 5
16 34
1 22
13 29
18 5
31 4
51 12
25 54
22 3
23 17
25 55
31 32
30 9
44 35
46 21
28 54
37 34
38 23
16 5
23 33
21 29
52 11
19 15
34 52
34 34
55 25
33 19
47 10
45 55
55 33
37 14
1 50
25 31
5 50
55 41
36 15
34 50
54 2
30 52
50 39
13 48
3 12
25 1
23 42
23 29
42 10
1 15
21 10
22 45
51 24
37 17
25 29
37 49
48 42
4 9
31 17
40 15
13 1
28 9
42 28
38 48
31 21
20 19
29 44
55 2
25 37
28 51
3 7
24 36
1 8
49 20
17 21
38 45
7 50
37 55
45 48
27 53
47 33
37 41
49 30
46 42
38 9
26 33
17 12
11 4
41 41
45 43
4 25
43 30
1 21
14 14
27 11
16 39
51 38
1 18
7 15
36 42
16 17
49 40
7 19
35 7
3 4
51 52
34 20
36 38
39 54
54 22
29 3
18 48
2 34
41 19
55 32
4 36
15 36
43 2
15 40
31 28
26 55
16 30
26 41
3 40
43 24
13 8
31 55
37 25
16 53
16 35
49 3
2 45
40 46
37 52
35 31
21 41
55 16
17 29
47 7
34 24
10 30
5 16
48 53
28 38
10 48
20 11
35 38
15 35
27 15
50 29
39 29
37 18
12 22
39 34
15 45
51 1
39 18
20 21
3 17
9 30
17 43
16 40
16 44
19 51
11 16
12 28
15 5
4 15
2 17
48 49
21 14
17 50
47 17
9 2
15 1
15 20
34 39
35 24
9 17
29 42
19 22
50 3
10 17
26 42
54 4
41 49
27 36
9 25
49 52
5 4
5 42
7 37
30 21
40 55
48 45
19 19
15 24
17 46
8 22
13 53
19 44
39 37
20 4
52 55
3 52
53 19
7 24
16 6
31 3
45 1
33 20
44 27
41 39
47 34
34 32
36 35
31 31
44 25
36 23
53 6
42 13
12 18
46 37
22 33
12 52
22 17
19 12
40 37
44 36
8 40
27 20
10 4
52 32
16 33
41 13
6 11
27 10
4 50
3 8
6 26
28 7
48 9
40 7
37 23
51 39
2 31
20 49
28 29
9 10
27 19
36 28
2 9
50 15
51 25
24 52
20 6
45 40
55 44
24 19
21 1
26 44
37 13
9 49
47 38
54 51
3 22
34 25
36 3
11 26
27 38
18 34
15 55
28 47
4 35
47 14
50 18
24 5
6 17
47 30
21 47
20 15
4 17
52 7
23 2
17 38
39 36
34 14
45 14
42 41
53 52
31 42
7 17
45 33
19 8
14 27
44 3
24 50
18 45
36 40
44 53
52 16
6 12
20 5
22 46
9 23
39 22
31 1
34 11
41 52
26 4
50 21
46 52
9 33
40 24
41 42
26 14
36 16
27 4
23 23
5 49
28 21
10 32
52 35
43 37
33 39
36 52
43 43
53 55
9 41
24 42
35 42
14 31
33 27
21 9
16 18
34 41
41 55
12 13
24 8
50 28
22 39
32 42
32 27
15 50
8 37
47 21
48 30
36 18
32 13
49 46
49 48
33 45
48 2
27 33
31 13
53 30
7 22
20 53
16 26
4 14
43 45
42 26
21 50
38 47
15 17
25 12
30 51
23 43
47 55
52 3
40 51
2 27
43 10
43 39
36 48
7 42
40 10
46 5
19 6
37 53
53 11
39 20
48 37
52 47
42 36
42 45
35 6
45 13
21 15
8 34
7 23
4 53
43 33
3 6
18 41
25 42
53 40
19 29
12 4
26 18
11 22
46 53
15 51
50 25
29 23
42 18
31 6
34 37
40 40
16 22
11 35
23 11
14 25
10 26
18 32
16 38
55 31
25 46
10 23
41 23
26 32
44 31
7 54
12 29
27 24
37 50
2 5
25 13
10 12
42 51
53 41
53 1
40 17
43 26
18 38
30 25
11 7
46 33
3 34
34 6
33 14
52 46
9 38
25 47
22 14
32 54
23 3
3 37
8 2
5 14
48 41
28 15
1 25
34 16
12 9
33 31
54 54
41 4
29 6
20 41
53 17
49 16
21 3
43 15
30 2
10 34
49 5
8 26
8 7
54 13
43 52
39 45
48 38
47 50
25 43
50 34
13 31
47 2
37 48
15 2
14 43
8 17
25 15
21 11
26 45
39 43
53 32
20 38
18 53
18 26
45 2
19 45
6 37
50 19
32 41
26 48
25 36
20 29
13 33
39 48
50 8
43 9
1 4
17 41
37 39
33 26
37 20
40 30
8 21
7 16
28 48
21 52
15 3
34 36
44 11
36 31
46 14
34 12
8 39
4 18
20 30
50 53
13 7
50 55
28 31
54 18
52 10
39 40
22 40
3 50
34 42
48 39
5 53
15 49
23 25
16 55
43 13
12 45
48 36
16 48
13 55
43 8
49 47
37 38
6 53
17 25
44 2
31 46
54 16 10 29
55 46 21 18
33 36 18 47
19 36 52 48
42 43 9 37
50 15 53 54
24 56 37 41
14 26 40 15
5 16 40 43
36 37 7 30
10 51 38 37
52 44 14 40
0 18 16 37
7 42 39 39
10 35 7 44
44 41 39 42
6 7 3 28
52 26 0 41
25 31 0 21
22 42 21 32
70 976 39
63 39
35 36
8 65
22 54
54 14
63 1
23 40
29 52
45 32
33 45
31 64
1 67
68 51
56 45
48 28
50 57
49 47
56 26
27 27
61 49
26 29
41 47
64 13
54 59
69 15
59 41
68 13
34 9
54 61
7 16
25 11
33 54
11 44
35 30
53 53
27 69
57 7
11 50
32 42
33 64
26 18
44 53
69 66
33 41
52 54
24 10
7 43
27 42
2 39
6 28
40 6
28 34
8 38
23 56
24 13
27 21
49 48
47 26
61 32
56 34
5 31
4 23
21 12
41 42
42 39
5 57
2 33
55 16
22 21
59 44
48 36
11 22
25 45
56 53
10 38
11 61
47 41
30 17
38 65
48 17
31 25
49 55
12 32
1 49
7 6
24 1
52 9
51 31
40 39
7 20
41 2
56 31
26 5
18 61
56 7
16 53
6 48
26 34
47 63
17 41
1 59
44 28
53 60
58 33
49 50
57 42
28 61
52 13
59 42
61 51
23 34
18 3
27 33
39 64
58 23
51 30
65 69
10 30
48 42
40 9
42 51
33 40
9 51
32 9
55 64
39 63
53 11
35 56
67 50
61 23
12 34
64 68
32 26
14 63
32 50
16 33
53 33
22 65
57 21
69 54
20 2
45 5
61 5
60 55
21 25
55 52
61 22
27 20
57 15
40 34
19 37
50 60
23 66
4 7
67 1
18 27
20 37
13 69
45 44
41 16
40 12
42 24
61 16
11 15
25 22
32 17
31 5
53 57
16 1
46 48
27 1
39 20
38 52
38 55
26 53
31 1
37 22
15 39
7 59
53 3
7 67
26 10
9 10
46 49
41 39
6 27
20 44
26 23
36 2
45 55
35 9
51 21
3 35
54 67
54 49
20 63
51 19
31 63
46 60
51 22
69 48
60 25
13 17
56 27
46 46
30 13
22 61
36 64
54 18
39 6
27 45
66 45
3 67
66 51
7 3
25 65
67 23
9 65
42 14
1 15
48 50
47 31
36 53
2 55
26 13
4 44
5 49
35 26
48 58
42 21
69 52
64 49
45 37
54 42
44 31
57 24
69 7
62 16
58 46
19 12
46 28
55 63
5 58
63 59
69 17
57 49
67 38
28 23
30 38
24 25
59 57
24 12
54 36
23 36
27 23
34 36
9 1
37 33
19 54
10 11
61 42
38 33
53 66
54 40
35 64
29 24
43 68
11 19
24 51
1 18
31 19
33 6
63 54
64 27
33 36
45 51
50 6
56 9
18 43
24 59
30 18
2 12
52 32
32 27
15 14
30 58
35 39
36 28
24 23
34 62
49 8
26 35
34 46
63 46
56 51
50 7
41 56
39 4
53 42
23 24
54 28
19 66
39 40
63 15
11 37
36 38
20 11
67 20
6 46
29 2
29 69
24 64
49 45
2 1
17 47
33 63
27 14
61 68
54 69
13 9
2 9
49 60
53 28
5 3
50 33
49 53
52 56
23 26
60 6
62 38
53 44
51 9
49 11
42 59
37 20
64 69
9 42
23 65
5 44
36 15
5 60
34 61
44 35
5 51
1 47
41 9
58 65
29 29
17 5
16 59
19 44
43 39
7 54
19 39
4 45
44 45
28 29
50 61
4 33
7 4
51 24
66 40
17 40
22 63
48 31
21 68
24 50
1 25
23 59
35 53
38 24
69 1
3 47
59 52
48 64
9 16
51 51
10 6
22 33
32 59
48 35
1 33
41 1
47 58
66 36
26 49
22 13
17 20
53 25
28 46
14 29
54 4
53 8
24 37
63 3
53 61
15 35
61 43
60 14
46 16
1 28
50 67
8 39
35 8
38 51
66 56
60 45
53 54
24 48
25 26
65 41
54 35
34 51
54 33
38 67
17 32
59 18
2 65
54 23
67 29
43 50
44 57
21 39
4 13
63 43
29 51
68 47
5 55
48 61
47 39
9 40
48 1
51 61
65 23
50 51
12 10
50 59
66 48
39 19
4 69
65 27
29 8
34 66
25 59
5 40
14 26
13 62
21 35
49 5
34 57
34 19
8 59
57 13
63 35
58 36
66 39
5 34
58 43
56 16
34 52
13 39
15 49
49 63
21 24
44 9
38 36
68 29
41 33
40 28
56 65
43 6
65 6
30 26
44 64
37 56
44 17
29 61
60 18
44 15
64 33
61 34
31 9
29 48
23 58
38 20
13 43
61 21
6 29
50 20
59 56
29 45
38 58
27 64
36 14
11 68
16 32
69 53
16 68
52 53
15 53
37 6
69 65
29 14
43 1
8 24
12 5
43 46
53 67
65 29
63 57
44 58
53 26
37 28
13 51
37 36
42 31
17 6
49 30
22 25
24 21
12 69
30 48
15 11
44 40
56 22
13 6
56 39
26 37
41 18
35 27
28 10
55 51
69 50
49 58
24 42
68 42
27 51
69 13
28 24
47 12
43 36
4 6
46 9
6 58
42 56
60 2
52 64
62 53
15 44
67 18
52 41
67 52
31 57
53 69
26 17
60 23
30 56
69 44
40 31
59 33
61 29
46 57
16 58
3 8
40 60
28 1
12 30
21 8
55 12
43 47
44 21
30 11
46 20
36 26
33 4
25 5
53 20
19 14
62 32
41 58
44 60
33 49
32 23
21 40
60 65
34 7
8 49
7 62
24 36
46 36
9 26
60 60
56 19
8 21
65 30
21 13
38 15
59 20
22 24
50 52
53 15
56 62
47 42
9 57
6 31
27 48
58 35
53 4
15 56
50 26
43 33
32 10
54 7
10 47
11 65
13 54
46 25
13 65
39 13
46 32
11 33
25 25
66 25
34 20
52 3
15 45
47 15
1 26
58 32
59 35
20 5
15 69
33 33
69 27
3 45
12 19
62 7
34 22
66 42
27 4
35 33
4 26
58 2
22 12
40 11
27 18
39 9
57 8
59 30
60 30
13 24
66 66
4 34
46 23
11 9
18 40
50 66
7 34
16 24
7 53
31 31
10 12
20 41
20 13
7 1
24 14
29 68
21 43
38 62
21 10
23 45
38 56
38 5
49 34
12 45
63 42
46 2
37 1
44 69
30 27
65 49
69 57
47 52
21 37
66 52
43 64
7 26
36 39
26 60
22 4
42 62
28 8
58 20
13 4
6 49
44 44
66 9
45 29
25 60
49 12
5 16
59 26
18 62
21 41
43 7
24 66
45 50
11 29
54 50
51 26
43 65
67 28
1 62
53 9
28 17
42 10
55 53
33 10
58 40
52 5
18 31
6 11
35 60
9 60
29 12
53 24
10 65
52 12
44 34
33 66
58 28
61 31
44 46
22 3
6 4
14 12
62 44
14 66
22 37
63 14
2 4
28 53
14 62
64 64
20 51
13 12
35 18
16 37
68 19
14 68
14 48
26 11
5 47
32 32
41 54
37 13
30 46
52 60
58 51
55 68
48 27
46 27
51 28
16 15
45 41
39 41
40 66
23 27
57 45
9 59
19 57
16 13
65 62
37 9
47 9
64 48
39 59
9 62
42 4
4 68
68 32
62 62
31 15
2 66
6 52
55 5
52 35
66 69
34 58
29 40
62 23
38 3
47 18
6 8
36 48
64 54
42 54
45 14
9 69
49 36
58 8
8 42
6 34
44 20
31 40
39 31
38 53
52 62
22 50
10 42
3 21
62 36
55 32
17 49
51 45
47 54
30 19
29 28
19 52
33 31
65 19
7 45
58 63
3 14
27 66
4 65
32 18
41 15
13 33
32 57
1 23
67 55
27 55
45 33
49 10
7 69
14 25
54 60
32 21
58 12
60 64
1 65
5 45
39 1
58 39
68 60
61 33
37 19
22 28
2 14
37 66
33 68
34 56
21 26
30 24
39 54
39 57
24 56
46 21
63 20
54 38
9 39
18 56
25 6
48 65
32 40
38 41
1 53
19 7
47 37
22 69
59 24
12 27
50 18
3 61
54 34
20 52
13 22
62 60
18 37
2 5
62 20
27 24
54 16
12 60
54 10
41 53
48 43
17 54
15 37
22 38
69 39
61 41
34 60
24 55
44 33
16 34
33 55
65 11
17 56
8 18
46 15
18 65
30 22
43 48
58 62
42 29
1 31
56 1
63 19
22 49
35 37
7 10
34 5
42 23
32 11
63 24
4 30
23 50
13 41
39 17
11 62
28 2
42 37
48 33
58 19
40 23
18 51
43 42
13 48
38 44
64 5
46 47
55 69
67 49
31 43
18 9
50 15
50 47
67 22
56 66
64 46
58 59
44 25
29 63
2 49
15 59
55 58
24 67
9 35
8 62
51 49
51 56
18 30
16 51
56 44
17 8
21 60
5 52
36 43
14 69
59 27
47 48
9 47
14 17
2 25
51 3
37 49
39 51
46 62
44 61
59 65
53 37
49 39
47 10
38 25
22 13 17 31
49 35 11 25
46 16 31 12
56 30 1 11
63 67 9 30
54 52 5 23
13 44 35 41
30 56 39 14
58 56 32 21
63 22 59 37
27 59 20 12
1 32 42 13
13 54 57 47
5 22 28 41
27 27 44 19
44 63 60 9
20 16 64 60
66 64 26 35
11 4 32 44
19 69 53 13
52 70 12 0
24 50 30 28
64 51 46 37
58 32 2 60
29 54 49 56
35 29 1 55
9 25 8 14
35 42 49 59
22 31 6 24
10 65 13 21
69 28 52 25
32 0 40 38
42 23 58 40
51 49 38 15
64 14 36 53
16 37 60 10
43 5 19 14
35 6 67 9
3 45 61 0
100 1000 50
12 22
26 85
53 59
47 92
59 23
23 81
93 26
25 78
21 88
44 83
11 66
86 83
55 26
69 9
70 85
37 51
58 22
92 29
27 55
57 69
90 39
84 59
31 40
74 78
48 37
25 85
30 18
16 34
23 82
83 43
83 84
93 14
23 32
50 57
78 55
40 8
60 85
58 14
51 26
66 94
78 76
93 62
17 65
42 13
62 92
92 82
12 63
23 83
28 89
84 62
88 18
79 32
51 10
84 48
95 87
99 18
72 91
52 52
90 99
20 14
4 56
89 59
89 47
39 82
21 44
47 1
99 41
41 53
67 93
40 42
59 47
9 73
73 23
95 30
52 40
6 44
30 86
90 80
41 21
5 91
48 48
59 73
92 54
87 13
97 12
96 81
78 20
13 73
56 36
66 25
15 34
45 60
52 83
3 88
31 28
86 43
11 2
29 57
26 55
95 52
12 90
23 49
36 20
61 86
41 35
33 6
15 2
88 52
20 55
90 5
49 74
99 91
5 68
3 26
47 2
9 3
77 35
6 43
20 84
55 96
12 46
63 36
99 16
1 32
83 20
19 7
41 99
63 81
5 33
38 23
28 37
94 29
27 64
2 70
48 1
11 6
95 55
30 2
54 35
13 37
43 21
81 51
11 38
17 32
65 46
84 19
74 25
3 95
71 80
15 29
55 20
83 45
56 13
74 52
68 38
24 43
50 42
37 57
87 78
20 44
8 99
77 95
55 37
61 91
11 7
77 46
31 92
57 41
3 92
9 41
71 20
8 8
6 4
76 80
7 19
47 33
45 37
60 28
14 67
61 50
62 17
44 71
63 71
1 64
49 25
70 22
61 4
3 1
67 4
65 50
43 68
40 43
96 54
28 66
2 87
61 28
77 57
1 95
14 40
44 29
51 56
63 85
38 53
21 80
79 95
6 67
69 55
42 46
63 49
77 75
86 87
53 91
66 61
45 63
12 41
20 38
26 40
10 82
52 96
64 10
48 29
15 98
6 42
12 91
87 93
68 40
9 92
29 1
12 56
22 97
60 3
27 54
37 3
64 72
73 28
88 16
42 92
20 98
54 72
4 32
63 23
37 54
25 46
95 25
30 36
90 51
46 6
40 69
17 24
81 66
47 36
41 8
41 25
19 2
26 34
24 29
32 10
82 24
68 13
76 82
18 71
1 78
79 86
90 12
66 22
61 36
68 20
5 87
24 28
48 92
42 21
47 83
28 64
61 64
2 40
14 51
57 77
39 28
28 42
18 59
31 82
39 38
2 68
55 53
14 39
70 26
74 43
23 92
26 23
39 85
23 3
20 75
80 35
47 34
30 27
87 87
42 62
84 13
43 69
42 35
43 84
74 12
43 93
49 7
54 85
24 72
93 79
23 4
96 32
55 66
89 32
93 19
15 9
56 39
62 87
77 61
47 60
17 31
53 41
16 98
89 89
44 11
35 61
25 34
56 63
12 80
11 70
56 33
10 47
16 70
51 85
76 21
66 66
61 21
46 34
69 44
97 6
35 24
73 42
86 92
28 31
95 77
6 64
98 75
42 17
5 17
29 83
36 43
95 46
56 74
2 18
33 79
63 62
53 90
19 49
9 16
51 6
66 38
45 48
29 34
51 1
28 10
20 79
42 31
23 64
51 84
11 46
12 79
11 52
9 77
98 29
28 57
73 38
16 49
76 39
84 43
45 41
47 58
50 21
34 64
8 78
44 25
54 34
75 43
28 85
32 73
54 5
10 71
76 18
60 4
4 41
58 29
28 1
73 57
11 64
67 12
2 12
6 96
56 76
74 2
70 13
78 84
41 66
63 50
4 91
25 67
91 15
99 88
88 85
50 11
63 69
91 70
47 23
38 8
15 91
62 53
97 92
28 39
11 23
71 40
12 58
3 10
31 81
44 67
97 63
10 6
94 3
54 51
4 28
87 98
77 78
59 36
70 25
71 73
25 86
80 99
88 50
27 52
83 81
50 5
38 69
69 84
28 72
79 47
64 6
49 66
38 83
34 49
91 66
89 66
71 98
33 90
23 10
70 82
3 45
21 6
20 78
23 22
12 47
76 49
92 15
59 84
33 35
86 1
13 19
14 95
61 27
79 78
70 9
76 88
82 47
66 76
62 3
49 41
3 17
77 67
27 42
61 33
62 41
82 19
28 13
39 19
59 32
90 44
2 17
60 54
10 28
33 19
28 86
24 31
49 84
22 73
29 3
11 82
92 2
20 22
74 42
28 47
79 81
87 60
89 55
46 33
50 79
86 16
68 92
37 24
87 64
55 75
10 33
81 38
32 2
13 78
64 94
87 71
6 37
83 29
11 29
17 43
69 3
5 83
44 41
30 59
60 22
63 60
4 72
7 2
25 87
15 81
94 31
30 45
4 77
29 14
31 73
45 56
45 67
48 16
20 62
88 75
22 96
22 18
86 53
59 86
4 29
9 27
83 90
25 24
96 92
93 5
79 52
72 63
58 24
58 95
51 91
4 3
40 99
42 11
1 40
20 45
45 44
73 98
30 62
3 64
42 96
72 47
35 7
34 94
51 4
35 70
34 92
72 81
56 9
73 75
14 18
3 61
41 38
28 93
93 61
63 12
64 14
17 27
49 69
38 1
9 22
82 65
24 59
11 81
87 35
78 92
3 67
80 33
78 85
62 14
75 27
14 35
59 34
77 34
81 86
39 12
15 80
23 41
17 20
57 22
91 79
78 30
26 1
40 91
6 73
5 36
26 46
76 59
46 10
50 68
83 71
72 54
93 42
32 70
91 49
56 45
88 83
17 21
23 30
85 48
95 70
70 49
76 45
95 3
80 69
80 21
64 22
56 83
26 69
7 63
4 75
39 73
70 72
94 56
66 33
55 21
64 96
56 87
33 59
90 13
20 8
67 30
5 94
6 23
48 76
74 1
10 52
99 72
82 60
9 14
77 22
64 49
77 63
18 39
30 28
33 76
57 6
95 80
31 94
66 2
46 50
8 89
73 6
21 90
84 73
81 13
53 29
24 56
64 24
89 7
73 31
95 67
84 9
49 19
63 15
76 89
86 3
34 52
11 76
36 54
15 87
52 78
35 63
79 6
19 42
6 10
34 61
19 1
71 51
32 96
79 29
61 74
77 80
17 85
85 20
76 40
78 47
69 5
61 13
29 59
10 1
35 95
71 14
90 41
23 50
72 71
22 14
39 77
96 14
41 64
29 62
13 61
40 95
99 67
54 1
72 66
30 80
98 19
85 85
54 95
11 56
79 22
74 46
92 5
83 12
80 98
85 30
71 44
70 69
12 76
1 6
27 46
15 83
72 99
84 47
2 6
29 95
14 17
78 19
58 20
5 95
47 73
96 63
86 55
30 26
14 72
25 17
18 76
24 98
23 85
47 98
45 27
55 94
94 77
10 66
54 91
35 47
80 2
88 98
87 45
17 36
85 51
99 61
3 68
96 82
99 48
86 48
20 46
21 2
42 52
87 70
91 58
24 90
83 47
35 14
9 23
29 67
2 56
58 75
30 44
75 95
50 48
51 3
13 77
32 75
3 80
28 38
64 66
1 50
24 53
64 33
97 69
16 59
53 26
4 79
18 41
68 68
61 90
56 4
58 90
28 22
2 80
65 48
23 99
10 43
53 85
22 33
37 8
61 59
72 53
36 34
12 40
74 31
58 19
55 32
83 26
18 8
89 5
19 9
70 5
77 19
37 72
69 2
96 55
20 31
94 51
15 88
74 7
93 54
45 15
77 28
34 77
58 78
51 29
24 1
61 6
8 6
50 25
31 1
36 16
12 18
2 55
93 81
80 90
48 57
89 19
85 54
24 4
2 65
34 75
93 3
25 11
41 33
24 42
49 40
43 77
72 88
59 12
65 98
91 19
87 37
61 53
49 43
8 62
13 38
92 96
78 23
14 13
20 74
49 70
42 9
6 82
15 59
55 9
35 37
54 9
58 69
85 32
90 23
59 81
90 61
23 37
46 72
6 88
98 97
78 91
22 3
63 77
4 98
33 26
64 19
75 64
7 39
17 79
12 54
25 71
14 89
85 14
65 34
26 56
99 19
62 18
1 15
87 88
68 65
80 23
27 34
24 78
87 80
22 52
50 67
27 15
69 60
46 60
55 27
31 17
29 32
25 5
79 49
83 28
81 68
2 79
93 98
53 86
8 90
98 38
93 46
94 23
25 92
45 30
58 82
58 80
68 62
50 88
33 69
98 16
26 28
68 48
41 42
42 66
77 30
21 57
71 91
24 61
12 62
11 53
60 51
13 24
59 14
65 31
8 3
18 47
42 19
13 91
57 94
30 76
86 23
89 43
83 74
48 95
68 30
46 42
22 91
8 33
9 47
49 48
88 69
25 41
81 14
63 53
68 26
8 82
57 59
24 50
18 98
55 73
71 10
14 14
61 85
18 20
82 40
19 78
73 87
85 18
16 14
73 70
46 4
68 75
28 56
10 2
76 73
79 91
99 50
22 26
64 27
45 76
38 81
69 57
32 51 6 43
37 43 78 53
55 74 46 26
22 77 99 73
77 2 89 24
48 8 84 7
58 85 67 15
71 80 91 55
35 89 36 5
69 85 36 85
92 43 73 49
53 0 79 30
57 27 36 75
7 54 100 84
70 23 24 4
85 3 48 67
90 30 3 85
9 46 17 63
77 54 85 91
18 35 13 70
94 3 41 15
42 82 60 31
66 58 57 85
21 26 87 85
96 10 23 63
74 57 80 17
5 67 18 92
52 84 52 81
89 79 96 100
16 14 76 13
87 66 6 88
38 13 88 38
1 65 55 57
46 99 97 24
50 80 29 89
27 13 56 3
65 25 12 77
44 14 8 17
47 57 71 82
33 92 29 37
5 7 23 59
44 26 38 76
50 48 70 28
73 16 96 51
92 67 1 69
34 99 53 64
12 88 90 2
58 31 55 41
24 37 80 28
49 25 88 25
0 0 0
