1 1
0
0 100
2 2
50 90
70 50
0 100
0 100
2 2
50 90
70 50
30 70
30 70
2 2
50 90
70 50
50 50
50 50
2 2
73 52
92 81
20 50
60 80
14 6
94 33 62 55 96 88
95 89 27 97 91 62
5 87 28 93 65 96
94 93 21 87 92 88
86 17 91 95 59 58
87 91 96 86 0 91
38 92 71 38 88 42
86 100 72 76 85 89
57 100 67 50 97 87
53 24 98 92 88 13
92 73 72 85 72 97
88 51 76 27 62 92
76 47 96 35 42 35
97 96 86 95 31 29
0 81
5 70
15 87
13 80
1 95
10 77
31 7
19 15 19 30 31 47 19
30 49 77 20 29 30 23
25 16 18 76 11 26 26
12 62 43 16 1 30 69
20 15 20 23 4 14 30
23 2 71 11 13 72 39
14 25 22 30 21 19 27
18 31 88 26 23 24 21
83 17 25 18 13 13 93
12 23 75 39 81 26 12
38 68 14 53 21 19 21
23 22 17 27 11 91 30
11 65 19 20 7 4 28
38 17 20 11 20 20 41
20 31 54 11 13 27 30
16 98 21 29 29 58 21
19 30 17 82 49 27 18
22 9 69 31 41 12 24
19 29 31 11 48 15 22
35 29 49 27 20 21 81
13 15 22 23 20 30 96
17 16 64 65 30 27 27
27 21 19 56 5 31 20
64 19 56 11 14 21 98
1 24 13 22 20 26 20
21 39 30 27 31 14 12
17 22 28 13 12 96 12
23 52 41 25 92 7 22
13 17 21 61 21 17 21
11 66 21 14 20 20 31
12 21 98 17 28 29 19
0 31
3 91
0 88
0 30
0 47
10 89
0 59
32 12
73 61 69 56 55 23 73 55 63 73 49 54
67 95 56 67 62 13 24 97 70 62 63 54
65 71 68 45 14 55 66 67 80 56 89 85
71 57 71 67 17 60 65 47 67 68 71 53
17 14 56 59 68 60 38 63 33 54 47 64
79 61 28 53 18 4 43 66 55 58 54 25
66 55 53 72 68 63 72 63 55 69 44 59
61 53 70 73 69 68 65 58 66 48 56 71
63 71 71 53 55 71 55 62 69 41 63 60
52 51 55 61 71 87 93 67 45 70 65 4
64 68 57 61 71 66 64 71 33 83 58 36
58 28 54 91 68 49 3 17 59 39 59 47
62 73 6 71 73 62 70 63 94 57 53 53
56 71 94 67 69 60 62 58 73 68 56 81
64 62 57 72 73 45 60 67 63 59 53 70
61 68 60 69 93 65 58 76 55 57 53 64
65 58 57 75 57 62 54 84 62 47 56 42
61 62 54 56 68 60 61 59 67 67 77 39
29 56 59 58 71 24 59 68 25 56 59 55
50 24 66 29 6 72 1 55 82 56 57 74
47 71 61 14 67 61 54 53 55 79 61 56
57 63 69 10 52 43 88 58 83 56 69 62
42 63 72 85 62 69 59 69 71 60 61 28
65 80 92 1 66 72 56 56 65 56 63 57
45 64 88 29 62 44 9 55 55 66 45 76
63 7 58 72 37 58 56 17 67 40 58 72
59 53 22 54 43 71 44 34 63 54 17 59
40 20 60 64 81 99 29 74 71 62 69 96
66 68 73 68 73 59 50 3 46 64 37 77
10 84 63 62 73 73 41 1 20 72 55 27
68 73 68 65 52 67 59 66 67 14 64 7
55 36 57 62 70 61 1 62 60 59 94 15
9 81
0 34
0 19
0 53
0 74
0 0
0 25
0 90
0 79
0 70
0 22
0 67
1 1
46
10 100
18 9
48 49 57 53 57 46 56 51 56
49 50 40 54 68 23 40 46 38
33 53 39 46 69 42 46 52 91
58 62 50 74 74 40 36 30 94
41 51 41 51 42 43 39 58 55
34 52 56 49 72 59 54 56 40
50 58 40 77 58 5 49 49 39
39 39 55 45 49 94 42 42 39
94 50 44 44 44 50 89 56 1
50 42 49 51 1 40 42 56 42
85 45 59 37 44 99 52 49 48
47 59 44 51 45 58 100 56 15
54 70 45 89 10 63 24 39 42
46 51 49 54 57 33 9 57 66
29 47 44 42 49 77 46 40 45
39 47 53 63 42 62 45 47 35
52 41 43 48 51 33 72 38 50
53 43 43 48 38 42 43 12 22
3 74
0 78
9 56
18 79
2 65
1 52
1 59
3 55
3 80
4 9
70 61 22 22 94 51 77 68 74
71 15 57 80 66 82 72 67 30
49 96 79 77 68 57 50 68 69
76 74 66 96 62 47 81 72 39
9 16
14 17
4 12
15 15
10 16
12 16
10 10
3 8
14 17
9 3
7 29 61
91 64 68
74 66 66
71 90 69
56 44 72
72 34 70
63 16 69
42 62 27
96 59 60
11 68
4 75
0 59
2 6
88 43 90 18 23 28
60 90 36 19 37 98
27 66
0 11
3 71
30 57
0 37
37 44
83 18
37 89 73 76 99 20 59 6 0 49 38 35 64 68 69 72 75 64
77 76 64 69 76 63 9 93 62 60 2 72 70 65 81 63 64 70
61 35 78 50 39 65 59 63 32 87 98 69 60 85 75 68 74 84
77 67 72 63 74 43 85 58 67 62 61 60 70 66 52 59 68 52
86 77 67 40 60 67 63 72 56 64 61 62 48 65 58 84 74 76
78 60 59 75 74 59 62 58 69 60 71 91 66 73 69 1 60 73
59 39 67 14 20 73 77 72 69 62 69 44 88 74 71 78 74 72
59 59 80 73 69 60 76 66 53 76 55 59 70 65 65 67 59 77
76 59 62 72 76 65 74 70 95 34 62 70 62 12 75 18 73 58
27 66 59 64 74 59 76 66 77 18 69 78 62 60 61 58 64 81
47 72 71 63 92 23 63 73 77 60 78 73 33 76 76 62 63 74
49 62 72 58 60 91 72 61 69 78 63 65 70 24 58 30 70 71
59 52 53 70 65 68 53 63 58 67 75 65 69 66 83 77 52 75
53 74 17 66 73 58 1 15 74 69 54 71 61 78 72 71 71 67
89 68 76 68 74 11 67 59 59 78 62 78 8 58 60 1 54 76
65 91 90 68 63 73 74 62 75 59 78 61 61 65 69 61 72 75
72 76 86 67 36 77 61 86 66 78 99 60 59 65 66 62 75 78
75 69 95 66 66 78 92 58 65 67 3 72 77 25 84 73 78 59
52 59 38 48 71 46 31 33 72 92 46 70 78 58 66 76 73 69
58 73 70 69 60 74 68 64 61 54 64 86 76 76 76 58 67 91
64 92 12 7 54 61 71 78 7 75 62 68 73 94 81 3 76 76
76 64 76 69 18 65 73 73 37 75 66 31 7 76 57 5 61 99
35 71 61 75 87 75 28 11 73 70 83 66 77 64 59 43 72 39
35 68 63 15 59 71 17 67 61 71 58 77 77 77 35 61 67 52
76 69 66 58 88 75 61 66 76 67 59 69 70 64 60 61 63 71
40 60 73 73 73 59 69 46 59 73 62 47 76 74 75 64 71 71
66 58 76 13 65 29 66 67 29 13 64 69 58 35 43 65 22 1
67 34 58 58 21 78 91 61 59 58 73 59 100 60 58 98 66 70
69 36 65 71 62 67 29 65 67 63 78 60 74 76 0 61 69 73
62 76 63 74 69 59 76 75 65 48 67 69 35 76 69 12 58 60
69 70 73 65 78 36 68 67 75 62 3 58 66 77 67 11 15 25
74 62 69 96 64 74 73 25 76 64 76 65 63 73 73 59 66 67
80 66 68 17 78 77 50 73 41 11 67 77 45 76 64 71 66 67
68 58 71 58 65 77 71 62 77 36 63 68 69 61 63 60 69 55
49 67 76 79 71 61 63 65 76 65 35 69 65 99 59 64 31 66
4 58 15 78 24 64 60 62 58 98 77 90 65 20 61 77 99 24
52 70 67 75 97 73 61 59 70 71 69 40 86 31 61 75 77 58
63 75 78 67 77 65 73 69 71 70 65 64 91 74 68 58 66 69
58 33 74 58 69 68 15 43 77 81 78 94 67 59 78 71 54 68
37 65 58 77 75 31 36 65 60 76 60 43 59 64 23 67 77 71
17 30 78 92 65 58 67 62 65 62 68 24 8 74 68 69 98 69
71 68 71 76 74 44 44 62 71 69 66 81 65 75 60 59 53 67
59 62 38 8 1 22 69 30 58 54 77 74 70 75 30 59 13 74
82 62 72 4 91 78 65 35 68 14 59 77 63 90 64 20 77 78
72 60 75 65 76 69 68 6 62 33 71 67 28 71 77 36 2 60
72 63 73 63 73 4 61 72 65 65 63 76 72 69 66 65 76 55
90 86 60 46 63 75 59 69 74 68 73 67 64 64 59 27 65 64
15 60 22 61 69 73 62 78 62 66 69 61 71 33 75 69 30 73
78 81 67 76 23 57 66 57 62 76 65 76 58 17 77 19 62 72
75 76 74 76 62 35 40 20 68 69 40 69 76 78 83 67 60 75
65 59 43 65 64 77 72 92 82 49 64 72 37 78 64 97 35 57
72 78 61 74 61 69 60 25 2 9 76 77 29 78 77 69 9 93
58 84 43 69 74 69 59 47 60 64 67 85 77 75 15 71 12 71
74 66 69 59 59 64 96 94 16 72 94 69 6 24 65 72 68 59
77 61 18 67 40 78 72 8 64 74 60 9 59 59 81 38 61 59
51 60 48 58 74 58 58 73 73 76 82 28 61 59 69 64 67 100
75 78 30 69 57 98 69 27 58 8 66 65 16 72 21 67 77 78
58 77 76 73 77 20 5 65 70 76 64 70 48 76 75 58 71 9
69 59 89 78 40 98 35 75 76 62 60 78 94 66 75 61 14 52
58 48 40 55 86 69 76 73 11 61 59 58 72 29 75 72 67 71
75 62 59 59 13 63 68 54 95 60 14 64 70 72 61 71 70 68
10 78 69 71 60 89 71 71 76 73 62 78 73 69 78 71 77 8
60 73 53 61 66 20 62 64 66 32 69 61 12 61 67 65 71 52
74 71 62 75 74 76 69 37 70 16 69 58 59 97 59 74 59 78
78 70 62 71 45 76 69 61 0 16 76 60 40 61 61 77 35 91
64 65 62 78 70 19 65 49 77 29 66 20 74 75 59 62 61 54
76 78 66 91 69 66 8 68 61 70 65 98 59 60 62 75 60 79
14 98 64 74 59 74 78 15 69 47 64 65 54 69 65 55 78 8
61 100 58 61 75 78 59 81 69 13 62 62 61 72 61 60 34 65
59 77 29 80 35 13 58 64 63 73 60 66 72 75 43 73 58 38
43 90 68 73 58 67 77 65 58 59 59 96 70 98 75 67 66 63
100 31 59 37 58 66 62 76 69 78 71 54 86 12 2 66 65 79
5 59 64 78 8 70 73 73 17 78 6 61 59 71 78 62 68 2
69 91 58 47 62 65 58 59 75 72 62 15 58 61 64 67 54 9
65 72 69 73 65 65 58 1 51 75 70 58 67 23 2 64 62 82
72 48 65 66 68 55 61 45 76 87 78 61 62 71 47 86 72 42
73 65 45 59 74 64 60 67 54 63 77 61 74 61 67 65 64 76
34 66 78 69 61 74 92 33 59 63 58 78 61 19 30 67 71 77
67 9 61 39 61 78 67 87 76 55 12 63 64 72 78 60 39 14
22 43 68 75 68 77 25 74 73 66 99 39 5 38 45 66 91 77
64 93 55 65 62 16 58 33 76 73 4 11 75 13 80 78 71 60
71 77 96 95 72 62 74 74 61 9 25 77 74 45 59 78 100 66
64 74 58 68 58 57 68 47 75 71 36 84 76 65 71 68 62 72
3 24
0 23
0 25
0 21
0 24
1 29
0 28
3 26
0 17
0 14
0 14
2 14
2 18
0 15
0 23
0 18
0 23
1 32
24 6
51 5 69 3 89 95
99 88 26 95 82 55
90 41 89 26 47 59
17 31 21 24 83 80
44 61 86 81 16 45
96 91 32 31 68 76
50 6 34 8 28 47
27 42 42 76 92 14
97 73 14 64 1 32
88 91 41 36 45 95
17 83 41 87 99 43
11 51 44 11 98 68
45 50 31 74 41 26
40 45 60 92 74 23
68 91 81 30 41 3
63 58 92 33 71 4
99 80 76 61 24 88
0 0 98 78 49 1
60 36 75 4 73 76
2 24 50 47 45 4
98 58 22 47 98 39
59 18 8 84 20 57
40 42 87 12 14 69
4 47 4 35 41 62
0 4
16 29
0 7
4 27
8 33
0 0
9 5
1 22 31 51 90
72 16 40 89 75
59 35 59 83 67
47 55 63 74 51
19 99 6 15 37
15 26 100 85 91
75 1 93 77 64
62 77 49 43 39
49 63 45 35 99
7 76
3 73
0 89
18 95
12 100
3 1
24
18
28
56 100
8 5
56 60 58 61 51
48 64 46 62 60
55 7 58 53 53
7 49 27 44 61
20 50 79 49 53
18 69 60 54 50
21 28 51 59 77
89 49 49 52 45
20 26
20 20
23 32
9 20
16 20
5 4
46 36 50 47
71 49 12 1
30 77 33 45
3 63 75 34
96 43 42 78
14 25
11 34
0 19
7 22
4 4
55 0 94 82
85 89 78 89
79 92 91 77
76 80 34 75
0 36
18 42
0 41
0 41
6 3
8 45 79
28 66 40
42 34 52
59 18 12
63 50 55
60 16 5
8 100
0 90
0 98
8 2
85 29
11 31
17 40
21 38
96 12
70 19
64 26
64 48
12 54
34 65
40 3
89 9 21
4 4 11
89 11 11
54 72 5
78 9 20
11 33 2
8 92 28
85 19 2
6 26 74
58 10 1
92 1 0
11 3 49
7 32 17
0 21 79
10 9 9
6 7 4
89 8 52
4 20 41
14 7 7
3 6 2
40 6 2
77 9 3
67 11 20
8 5 19
22 78 84
5 95 0
14 1 4
64 45 27
66 75 38
22 8 4
0 5 22
7 9 8
85 86 30
51 15 9
17 85 39
11 42 0
4 6 7
0 31 3
34 5 11
46 74 88
6 15
28 56
46 82
10 3
1 18 19
14 74 3
0 4 9
7 72 0
3 1 3
65 30 18
12 81 13
15 18 55
56 29 2
35 12 10
10 25
22 85
9 68
2 2
19 28
91 77
24 98
34 91
10 4
50 38 5 1
52 35 22 47
64 78 65 91
29 5 37 87
81 100 88 7
74 43 55 95
29 32 51 95
95 53 21 2
98 91 20 99
43 61 74 33
0 77
0 69
0 70
10 100
35 4
49 88 2 67
13 31 81 66
85 62 52 50
19 82 59 58
70 7 50 69
62 44 65 50
86 15 14 83
34 51 72 98
52 29 36 59
15 76 95 17
58 52 56 59
92 99 5 84
51 25 75 60
5 27 25 83
28 52 90 78
8 19 27 16
92 80 82 84
42 86 18 73
32 100 95 61
2 16 1 3
87 67 29 40
78 45 82 62
9 90 74 57
73 48 68 12
9 9 8 62
33 27 0 86
41 72 54 19
86 74 10 64
24 41 83 85
2 72 2 25
62 90 99 46
56 31 17 71
96 7 57 30
47 17 91 82
36 17 36 25
15 18
12 18
9 23
23 41
46 2
88 96
9 95
100 37
90 34
94 99
86 48
98 99
82 78
12 97
14 99
34 89
66 25
38 19
95 62
25 83
87 56
93 89
53 68
76 42
95 94
90 6
26 87
93 86
100 34
91 100
75 89
71 10
92 90
89 90
34 34
100 4
12 31
84 93
83 88
82 58
76 45
64 96
19 47
89 70
100 93
100 90
98 7
59 2
89 5
96 91
69 78
0 62
47 47
36 2
21 15
22 9
10 19
75 76
31 17
64 89
97 42
20 50
20 29
28 28
8 36
14 89
12 22
9 10
21 19
16 9
19 11
12 27
24 11
24 19
14 26
16 19
25 37
40 29
15 26
40 20
97 28
15 56
15 23
24 25
67 74
14 16
11 14
27 9
11 45
72 20
40 77
44 100
6 5
36 41 5 42 78
91 77 26 28 79
69 73 66 27 57
26 8 90 50 78
72 98 68 66 45
26 99 0 16 70
13 53
0 49
14 59
0 56
0 61
6 2
34 13
97 21
8 34
60 41
8 43
21 58
67 80
26 30
10 2
25 61
39 41
32 34
34 34
60 37
62 3
37 38
36 23
35 48
37 28
59 75
26 50
24 3
45 11 34
4 35 34
19 39 65
65 98 71
63 45 87
38 73 46
41 62 13
23 58 27
75 91 88
93 62 6
15 60 19
11 59 12
39 46 81
68 76 98
9 96 81
33 57 11
8 1 100
53 84 7
41 78 49
28 98 80
94 45 84
81 74 31
82 3 94
63 3 92
8 58
35 57
35 46
17 17
94 85 65 63 51 88 9 74 54 10 7 18 97 2 67 47 85
75 79 20 23 38 41 46 56 2 24 28 54 41 38 16 3 2
83 39 47 5 96 41 89 6 76 77 13 50 50 10 25 44 11
39 67 81 96 5 87 49 33 57 49 44 22 34 36 0 88 79
30 22 47 33 28 24 50 92 6 15 82 83 51 10 40 79 43
79 81 92 49 77 29 53 42 17 90 62 52 69 8 100 9 50
96 43 73 66 63 30 51 77 18 23 47 78 45 83 96 39 36
96 48 75 4 51 95 14 72 72 77 64 60 95 48 36 9 1
71 14 38 55 89 73 3 47 12 70 83 43 66 46 32 56 40
81 39 87 7 99 9 42 5 79 7 22 58 19 91 8 97 100
18 33 99 6 42 21 74 97 100 77 28 28 94 40 98 46 58
56 56 12 45 42 91 20 21 94 9 100 24 3 24 73 93 37
84 47 15 19 46 39 55 60 68 62 92 73 58 68 33 75 84
16 9 63 17 77 1 4 11 40 71 7 59 18 2 12 77 13
0 1 17 4 43 47 58 96 2 92 98 39 99 30 60 36 31
41 69 29 52 7 61 20 38 56 60 13 59 80 6 27 19 96
70 19 48 82 8 62 87 13 82 52 43 44 42 97 80 81 14
3 18
6 22
2 22
7 23
3 22
3 30
8 24
1 27
3 30
3 29
2 22
1 28
3 20
6 22
12 26
4 24
7 32
50 1
35
3
96
18
61
54
87
32
9
45
23
61
96
69
43
77
5
92
14
21
9
73
87
92
15
75
82
14
74
33
77
76
61
90
0
67
10
14
90
36
32
79
34
65
60
72
83
4
49
14
89 100
21 6
65 61 59 67 64 33
60 68 40 50 57 23
69 42 70 56 55 59
66 52 65 85 61 64
54 67 31 53 70 69
68 70 80 66 61 55
14 69 66 68 67 69
60 64 51 33 15 64
21 6 56 57 14 18
45 17 63 77 44 61
55 50 95 56 50 55
68 46 64 55 54 98
67 50 37 52 14 16
63 8 50 88 64 56
14 49 50 21 61 52
55 61 69 35 70 83
63 69 63 60 70 48
73 53 64 46 64 63
52 15 63 50 54 53
60 33 59 59 53 79
98 66 47 69 67 15
0 0
17 37
0 8
1 27
20 46
0 0
36 8
40 55 25 28 49 87 68 93
98 95 37 67 91 92 6 77
43 43 0 34 11 45 15 48
18 47 15 59 60 64 1 76
44 11 81 21 84 59 2 5
7 46 100 46 73 28 12 66
96 38 0 51 79 63 54 65
2 31 99 25 30 92 36 36
97 46 81 96 2 61 67 30
97 17 80 44 18 94 79 39
24 49 41 59 97 91 97 97
5 53 9 53 75 67 12 75
52 14 90 34 57 26 59 91
92 12 75 37 63 67 56 53
34 78 55 6 50 62 25 15
86 59 76 69 90 46 16 42
92 88 82 73 60 49 22 40
54 40 17 60 11 79 3 97
52 18 60 20 69 83 96 84
84 76 14 97 14 48 10 2
100 77 41 86 98 35 43 6
49 15 39 58 80 43 30 19
56 56 41 95 71 79 14 71
27 27 87 57 51 49 76 29
24 96 99 70 71 21 55 61
26 50 79 68 95 77 43 31
59 74 45 4 49 60 2 15
3 43 40 57 91 89 45 61
83 82 25 80 1 95 95 78
31 55 60 66 45 99 63 50
51 50 51 4 20 41 59 26
75 57 13 6 15 47 44 84
69 83 91 43 94 13 12 35
83 18 58 16 100 62 30 43
56 18 18 92 68 70 55 23
29 9 19 76 88 31 68 21
0 57
0 62
0 58
2 58
11 81
0 42
0 36
0 86
8 1
32
74
72
80
77
28
67
44
25 100
12 7
33 73 29 39 30 43 3
94 36 12 57 27 27 39
100 80 85 37 45 45 27
33 33 25 28 32 62 95
99 39 70 45 39 25 67
40 31 28 38 41 85 30
37 12 34 14 66 97 8
42 32 34 34 94 32 31
41 36 45 40 80 79 34
36 28 45 40 91 31 29
86 30 1 44 41 48 42
90 42 36 67 28 17 34
9 24
0 0
15 40
0 16
16 23
0 0
0 0
3 4
54 10 14 94
51 59 97 53
92 62 36 69
0 40
0 28
18 87
7 83
1 5
23 40 1 93 18
0 55
0 31
44 100
36 100
20 72
47 20
89 6 8 90 53 100 97 97 87 99 45 91 51 89 100 93 99 22 98 93
89 66 99 39 90 25 100 60 91 74 100 90 90 77 70 19 87 98 4 84
61 84 100 100 89 99 23 60 83 89 89 17 22 87 89 26 94 91 85 76
95 94 84 94 47 39 15 91 21 96 67 97 83 84 24 100 69 89 62 68
85 84 41 82 89 95 15 99 87 28 76 91 40 95 49 23 59 54 88 74
99 59 51 99 24 87 99 93 88 43 47 98 99 78 92 53 93 86 83 43
89 86 87 98 91 85 14 100 90 53 30 58 98 87 93 100 56 90 94 98
84 96 100 97 99 84 28 52 87 99 12 17 92 85 38 2 85 48 67 98
84 64 55 84 86 90 100 85 65 88 95 100 86 85 36 88 92 83 86 91
93 96 85 84 8 55 93 97 95 90 89 15 83 86 55 97 96 94 96 27
94 84 90 67 88 94 96 98 92 79 100 99 95 92 97 99 84 95 58 88
28 90 98 91 92 97 12 83 90 2 86 94 69 97 99 87 85 75 84 87
56 90 5 89 69 95 86 30 86 19 92 83 88 93 98 89 100 6 85 92
93 69 93 99 89 99 84 22 13 100 21 92 47 18 100 100 55 83 73 93
32 87 68 88 86 92 52 38 39 30 99 4 100 96 98 97 62 97 25 86
95 97 89 92 36 89 87 52 7 86 91 91 98 99 88 48 94 88 86 7
74 82 89 70 49 5 90 60 1 10 94 35 51 90 86 49 24 83 84 95
93 84 94 30 96 98 95 97 94 53 92 89 15 86 22 95 90 92 56 95
8 92 4 91 94 85 76 97 92 17 89 94 100 39 3 99 83 35 35 100
92 85 62 87 94 88 84 85 94 92 13 10 87 97 96 71 100 95 4 98
94 32 89 42 64 85 47 98 85 93 40 85 88 94 31 84 22 87 84 59
67 83 95 99 91 92 96 39 94 20 70 84 97 92 92 87 27 83 87 92
92 95 31 76 8 95 61 91 73 96 61 23 85 92 90 51 61 95 85 87
88 87 76 22 96 84 13 91 88 86 97 89 94 29 53 11 90 93 93 58
90 86 90 89 48 2 58 94 97 94 55 94 95 97 87 100 84 45 87 95
0 97 7 99 71 87 86 31 77 10 94 97 88 7 94 93 88 99 99 93
87 78 84 83 56 9 39 15 90 89 100 91 90 85 89 14 99 84 93 69
100 97 87 97 98 83 98 95 88 86 84 98 41 90 93 100 98 49 4 92
98 64 68 96 97 88 91 88 13 90 93 91 89 94 84 90 0 88 100 4
95 85 93 72 37 11 99 85 88 21 18 90 47 95 93 6 95 69 83 86
99 29 79 89 89 82 87 24 90 93 67 55 86 98 87 84 85 89 97 98
92 21 92 93 89 97 81 83 88 84 77 45 98 93 88 84 84 99 87 93
93 97 96 88 79 89 97 93 85 92 62 91 7 93 4 100 98 9 96 48
87 87 98 94 96 99 89 92 89 16 88 83 93 0 18 90 87 6 95 92
86 42 90 94 65 56 100 84 91 76 87 93 35 53 92 87 72 62 85 89
97 93 88 95 62 13 99 86 57 16 57 98 14 96 24 4 97 83 97 91
92 87 52 95 45 48 72 29 81 79 32 45 98 89 90 87 47 84 83 93
86 93 84 82 99 93 90 89 12 48 89 84 98 33 28 92 99 93 83 50
15 100 3 83 95 98 51 74 90 50 56 87 94 93 89 27 12 87 3 93
97 84 98 95 67 90 62 84 97 10 0 91 89 100 1 93 49 53 97 94
89 23 86 54 87 94 92 86 24 46 99 95 85 25 85 5 54 58 85 100
85 100 95 7 17 89 95 60 84 98 54 99 94 95 94 90 90 32 96 92
4 3 86 85 19 90 92 24 66 40 16 34 61 85 13 71 39 84 92 95
90 87 92 86 92 96 32 15 84 99 74 95 28 93 28 84 92 17 99 88
89 85 22 98 57 87 89 84 93 86 2 92 92 98 95 34 86 89 99 98
84 84 99 83 90 91 95 97 89 88 94 96 99 84 76 51 98 96 37 1
70 98 84 47 41 74 53 22 97 92 99 92 88 90 83 93 93 97 92 63
10 16
0 0
0 0
0 0
0 0
0 0
0 0
0 0
0 0
0 0
10 20
0 0
12 18
0 0
4 11
0 0
1 7
0 0
22 47
0 9
89 1
33
17
67
39
74
51
71
6
19
57
98
10
11
1
99
4
32
13
33
14
41
26
82
94
98
43
86
7
27
62
72
58
73
58
60
12
95
56
10
89
84
95
3
81
0
71
73
9
39
69
75
71
79
8
39
44
48
4
27
76
69
23
97
41
31
28
33
92
100
79
51
56
41
51
57
27
14
33
67
92
4
22
49
55
64
56
30
100
87
58 100
7 2
44 57
58 63
61 63
83 44
58 45
47 50
96 24
62 83
8 19
65 12
54 12 79 49 45 25 42 56 39 31 57 44
52 5 55 54 13 4 54 45 85 38 48 92
43 57 39 16 62 73 43 57 55 8 53 49
84 47 60 78 52 49 41 6 43 60 43 92
60 45 66 53 48 82 88 40 54 73 53 45
52 47 42 93 52 58 55 36 46 95 45 49
42 15 63 94 67 78 46 46 78 13 86 56
52 57 82 42 54 39 57 44 48 66 47 59
65 53 55 46 45 42 39 77 55 0 46 42
56 69 57 51 33 49 59 65 75 45 30 50
49 39 62 25 23 58 88 2 43 50 58 46
50 71 47 53 13 57 50 41 41 52 50 39
52 57 100 51 49 59 52 48 67 6 54 62
93 44 71 35 26 45 45 20 49 30 48 88
69 98 33 58 59 40 9 70 8 46 56 44
56 43 46 46 86 56 52 85 56 53 90 51
21 46 80 38 52 48 48 42 14 42 48 6
54 88 53 75 27 55 98 41 41 46 48 59
47 58 46 87 8 34 65 49 57 55 18 49
55 59 39 53 55 43 52 42 59 36 49 29
48 42 39 55 52 49 43 51 57 78 42 56
41 48 48 82 42 92 34 66 90 59 39 98
44 48 47 36 48 0 45 56 46 45 51 49
62 46 78 46 84 54 56 58 54 51 52 48
44 50 59 87 56 24 51 46 51 45 43 56
42 41 3 24 43 50 39 98 39 45 91 48
43 47 35 56 48 39 72 47 64 51 56 53
52 76 58 14 53 5 47 56 48 60 57 54
100 47 43 37 49 54 52 43 48 56 2 42
48 88 47 7 76 49 76 75 42 57 54 56
56 45 52 51 12 47 41 1 42 49 49 34
39 86 58 23 40 82 57 51 52 96 41 42
85 48 95 48 14 55 51 28 59 2 56 98
59 54 42 42 51 24 82 39 57 49 58 52
38 46 56 57 45 58 65 47 75 22 17 29
57 0 45 55 48 46 54 57 70 55 46 52
58 42 54 40 44 74 57 55 47 22 49 73
58 62 42 3 53 62 47 89 55 53 41 72
88 45 74 44 53 46 50 45 39 47 49 7
77 46 68 41 67 26 38 42 59 55 25 48
48 0 43 81 43 57 41 48 45 46 27 41
59 52 53 47 90 59 55 14 30 45 43 44
59 85 54 55 58 54 39 59 52 44 49 65
52 59 52 49 48 53 55 95 86 41 50 41
55 97 58 56 80 40 51 18 56 50 93 4
47 47 100 53 81 48 18 55 22 68 34 51
9 54 4 36 39 47 63 27 40 40 59 41
41 41 58 45 4 58 52 54 48 42 39 54
39 38 48 42 45 46 60 49 21 56 18 97
46 59 53 44 7 54 56 45 40 48 36 52
39 69 53 59 61 5 79 60 5 7 57 44
50 3 96 100 49 52 67 31 56 87 46 49
97 37 44 58 53 86 52 45 44 49 48 65
70 48 74 22 66 56 5 43 52 56 46 51
78 48 28 47 93 46 54 52 78 75 54 37
43 43 33 54 53 46 56 36 54 55 74 46
83 66 42 51 50 45 59 48 48 59 20 42
48 59 52 56 44 86 92 59 44 69 52 36
49 41 49 42 46 44 4 54 56 83 58 86
86 63 46 38 55 45 40 84 40 50 85 44
88 55 55 48 5 41 57 82 39 78 55 61
40 19 58 56 52 41 48 48 74 67 59 43
39 4 13 51 50 58 39 50 78 49 52 41
58 48 55 94 40 94 56 48 30 78 41 40
44 49 82 48 49 47 58 3 58 49 86 54
0 93
0 93
19 92
0 88
0 48
0 24
35 100
7 100
0 91
7 89
0 100
0 32
28 10
37 36 40 56 48 4 43 39 42 75
49 21 19 50 42 6 67 38 49 78
45 36 45 67 49 44 40 46 42 28
52 36 40 38 41 33 82 97 70 25
11 32 40 49 33 79 76 41 42 65
49 91 36 38 29 82 29 51 62 53
45 59 34 39 84 36 78 46 19 32
37 49 45 93 32 47 10 34 67 28
46 38 39 51 44 33 49 42 51 49
40 52 45 47 33 72 51 40 39 33
36 36 51 76 9 49 91 71 49 31
34 24 45 35 45 49 39 8 0 3
43 49 32 47 46 38 51 46 46 52
51 35 45 40 44 36 35 48 46 49
11 48 87 46 39 15 32 39 27 89
44 97 18 83 14 45 50 36 45 66
32 72 2 52 45 49 42 40 33 39
36 33 35 12 45 64 40 74 73 56
1 81 43 13 39 43 34 48 39 67
36 50 35 43 46 39 33 77 48 49
36 95 49 44 42 28 36 78 33 79
33 33 43 50 46 43 28 41 40 50
27 33 50 42 46 26 32 37 47 40
41 76 57 32 19 44 32 30 63 18
40 100 49 43 24 38 38 20 47 39
36 45 39 3 96 89 28 46 51 49
45 41 73 41 45 48 36 36 53 37
32 38 47 40 52 49 37 47 65 36
0 22
0 23
7 18
3 21
0 16
0 23
0 16
0 20
3 23
0 16
41 10
94 32 42 100 30 25 11 64 67 18
68 84 24 49 82 71 19 64 49 31
68 59 11 47 34 11 4 49 14 6
53 57 30 69 43 87 90 29 57 40
83 6 2 97 91 29 65 24 89 59
65 5 25 12 26 5 74 7 48 17
3 56 65 16 25 13 17 42 44 72
25 55 38 5 42 26 7 77 38 73
39 31 13 58 99 17 1 63 92 10
76 26 59 88 38 63 72 60 45 96
74 64 76 26 36 64 9 69 31 94
97 87 49 94 61 29 27 41 53 48
35 25 38 91 83 25 77 58 39 64
32 3 37 79 74 24 82 76 80 96
83 20 55 21 14 96 76 0 85 57
5 98 94 98 13 14 41 31 77 14
79 99 25 43 79 48 75 41 3 18
32 99 12 70 71 93 53 10 12 14
86 38 80 12 12 100 20 53 15 7
77 52 59 66 58 59 11 54 80 53
36 85 57 54 59 63 1 54 0 21
70 55 18 30 29 53 44 29 16 33
52 51 66 14 62 96 89 47 12 74
74 49 6 44 31 92 53 89 29 62
61 62 2 47 24 69 16 46 36 69
1 87 55 36 64 55 94 49 51 86
22 35 58 20 12 16 76 79 96 28
68 43 58 68 95 58 100 45 4 86
58 62 14 75 32 2 77 82 6 87
4 81 88 55 20 94 33 33 18 92
53 83 28 99 79 50 67 67 51 83
74 98 17 29 13 7 82 93 10 69
86 0 7 73 16 74 89 97 7 77
69 51 29 27 58 23 85 96 65 92
64 58 43 34 3 67 93 17 85 97
35 84 59 95 26 66 82 96 44 78
10 11 83 99 27 56 5 2 21 86
34 78 64 62 28 77 53 99 68 50
31 100 94 76 58 76 30 75 22 13
24 84 74 54 76 23 75 75 6 85
9 88 37 77 62 88 2 60 1 100
13 90
0 0
1 71
0 22
0 39
0 58
0 86
0 71
18 57
6 76
6 1
12
23
23
24
20
86
95 100
67 11
65 22 97 10 33 23 10 7 46 10 58
18 13 48 16 9 81 33 13 6 21 44
12 41 37 6 16 15 26 6 4 4 17
86 19 3 28 32 82 6 71 13 7 8
16 56 12 23 94 23 21 23 6 12 41
13 88 24 6 26 12 65 34 96 6 25
9 99 18 11 26 16 10 8 43 13 44
96 60 6 44 21 55 12 6 42 11 6
22 65 15 25 69 26 12 1 7 9 26
10 49 16 21 12 26 8 13 11 10 88
9 15 18 11 25 11 37 13 73 25 14
56 21 8 18 6 22 68 8 0 16 4
7 14 16 16 25 29 6 9 38 70 22
84 27 23 48 25 17 7 23 60 22 6
7 17 6 12 26 94 18 26 7 18 20
21 15 12 11 16 21 56 7 10 96 7
52 67 10 8 23 10 7 18 100 17 2
28 65 10 18 23 13 34 80 25 23 14
48 24 9 15 6 14 38 78 6 41 15
6 26 16 84 16 22 80 23 23 71 26
97 25 47 35 16 43 36 13 19 14 26
86 23 9 56 25 68 20 46 78 46 17
11 6 22 20 7 22 64 23 57 9 21
16 10 11 93 10 78 9 25 16 89 91
23 61 45 25 15 22 8 11 7 24 9
19 72 25 18 9 66 23 15 25 25 19
24 12 11 12 68 91 11 16 47 19 12
91 52 59 23 78 10 16 87 4 39 2
95 24 91 41 20 13 17 26 17 20 66
25 6 19 56 13 22 31 16 53 60 26
6 23 96 44 26 24 13 41 65 8 13
96 67 15 17 92 47 16 25 26 8 7
22 22 18 13 21 69 78 24 79 20 49
5 16 96 13 11 13 61 18 21 20 17
48 10 42 78 25 14 19 12 21 68 18
4 26 47 17 22 92 61 6 10 7 9
25 0 22 73 23 19 39 10 20 14 84
17 8 25 19 17 42 17 19 17 10 56
17 20 16 13 34 87 25 7 21 12 23
0 41 5 89 14 23 61 22 9 8 9
17 49 49 10 11 37 87 6 66 98 9
6 21 23 9 25 26 11 21 7 28 11
12 14 19 16 45 66 14 22 6 18 13
23 44 9 23 7 26 23 92 54 8 26
25 18 12 17 30 16 18 6 13 92 17
11 6 32 9 7 19 9 7 22 9 77
18 11 83 36 8 67 10 44 22 7 10
26 22 12 3 26 83 16 24 23 40 20
12 12 26 59 38 42 11 23 11 18 88
24 17 22 18 52 3 11 23 6 25 54
56 64 13 10 8 12 7 16 8 19 96
93 12 8 16 26 43 14 13 58 20 6
25 8 11 71 20 10 3 24 9 26 52
6 50 26 14 10 33 12 9 61 35 11
13 64 10 14 13 94 45 20 30 6 18
24 26 22 89 7 12 21 18 13 16 16
35 11 25 96 8 15 16 64 35 17 26
12 9 17 41 6 1 7 14 17 13 23
25 18 50 18 52 96 16 66 26 17 16
16 23 16 9 10 17 45 19 13 16 22
59 8 12 21 7 9 54 18 13 10 17
81 17 20 19 82 17 19 84 75 16 7
18 55 8 6 13 21 7 43 8 21 38
7 55 19 24 13 69 18 8 78 14 26
11 10 21 6 24 16 44 25 19 26 58
29 26 56 16 34 21 26 15 54 6 7
9 9 17 10 13 10 18 25 14 14 51
0 8
2 19
6 18
2 20
2 18
0 16
1 12
0 13
1 28
0 8
0 19
4 1
27
42
37
57
37 100
2 2
63 59
22 11
0 40
45 78
3 2
43 43
84 35
35 67
0 67
36 69
3 1
48
17
98
79 100
7 3
1 3 52
48 12 4
52 47 54
58 59 45
44 52 56
59 47 57
26 95 1
0 44
9 59
6 45
70 18
11 4 16 26 1 51 2 1 8 60 50 14 6 6 40 12 12 82
23 69 7 2 8 16 47 21 10 17 40 23 0 9 0 37 5 37
10 2 1 1 76 5 59 13 5 13 39 32 6 6 3 13 6 5
55 7 11 3 70 87 68 5 1 93 8 4 6 4 92 78 2 10
18 5 5 26 9 65 99 3 72 4 93 12 10 78 4 11 1 0
51 5 4 10 7 4 6 7 5 12 12 65 8 6 8 81 33 78
11 92 16 99 6 99 10 56 75 12 10 0 13 12 47 60 4 7
1 20 5 33 4 91 23 90 43 52 0 10 8 7 0 8 3 28
64 78 6 4 29 99 97 10 44 34 80 3 0 5 57 48 12 20
95 2 66 6 63 48 2 0 41 11 40 8 8 5 1 6 90 89
12 2 19 7 8 51 12 18 16 86 10 18 94 12 12 12 4 12
26 10 4 52 11 14 74 64 5 7 11 8 4 4 2 10 20 74
1 13 38 79 15 13 23 20 92 7 4 81 10 45 10 93 11 11
3 6 9 4 7 4 10 61 7 5 1 40 10 1 62 4 83 35
4 68 50 12 1 6 11 9 3 23 13 64 5 4 74 1 5 11
16 61 13 10 12 34 16 52 1 7 6 79 7 26 10 3 6 9
8 1 53 0 7 9 8 75 7 3 45 6 8 6 9 6 15 6
2 3 0 13 3 92 7 19 56 46 5 9 12 94 2 1 89 71
19 3 9 4 42 52 61 8 12 48 2 2 6 83 13 1 11 1
66 60 3 2 5 97 8 52 7 5 3 8 38 83 75 8 95 0
0 13 0 69 7 9 8 4 84 1 66 27 5 3 12 5 4 8
23 13 61 22 67 11 4 1 83 62 10 11 5 13 37 2 0 62
2 5 10 13 0 0 1 1 12 7 7 12 12 10 4 4 11 13
13 0 78 1 62 8 1 37 6 10 3 8 9 5 32 61 5 1
1 4 2 89 9 3 18 3 84 10 4 8 66 33 52 12 50 6
12 42 55 68 63 10 10 64 6 0 2 4 3 0 61 71 64 69
5 8 7 87 46 10 6 70 4 3 3 3 8 31 57 1 15 1
49 12 3 13 1 47 9 3 13 2 4 2 13 10 6 12 0 35
7 0 76 54 13 1 60 0 2 3 3 2 2 17 3 12 10 9
81 13 12 58 3 7 49 4 0 3 3 2 9 6 37 1 4 3
23 3 3 35 6 7 7 99 11 88 48 6 8 10 6 2 5 86
95 3 0 10 0 4 7 100 94 43 7 0 6 63 3 75 4 8
47 53 13 11 10 16 1 2 88 1 2 3 5 9 33 4 0 3
70 8 15 25 7 45 82 4 0 13 89 6 11 4 0 3 83 12
28 8 53 7 16 2 83 10 77 11 100 7 2 6 7 6 9 10
0 87 13 32 5 84 1 3 10 11 87 2 6 6 23 77 8 1
63 32 12 8 49 4 3 6 36 13 77 71 46 4 10 25 84 61
0 13 96 5 11 10 11 0 10 9 2 10 12 12 9 35 10 45
9 4 43 11 12 98 92 6 4 3 8 73 6 41 25 0 75 4
47 31 14 100 2 9 2 56 11 0 6 48 31 2 17 82 71 11
61 10 0 29 5 99 71 0 14 5 63 5 85 6 4 46 27 1
8 54 10 7 2 9 6 43 11 3 46 3 29 12 2 0 4 34
85 6 13 37 11 5 4 54 51 3 3 1 100 4 6 8 5 3
12 5 73 2 25 52 6 9 85 57 30 73 2 6 1 10 3 9
5 6 0 28 92 2 6 13 12 6 0 10 5 11 4 83 6 7
13 38 1 98 43 8 7 8 10 69 1 11 84 82 12 68 10 83
10 7 1 97 3 3 6 77 0 2 29 35 6 13 82 11 12 3
55 48 25 8 13 27 84 1 4 8 20 18 72 5 7 37 0 22
35 74 32 2 13 5 95 9 13 12 6 19 81 1 2 35 1 1
2 6 76 20 5 39 4 78 2 11 13 81 5 3 2 14 7 8
2 3 10 55 94 30 96 4 81 22 1 2 87 1 21 7 54 0
10 1 10 7 7 7 3 9 2 11 2 3 6 7 6 3 6 4
41 6 6 68 6 6 62 99 25 8 8 11 28 37 8 42 43 3
0 11 6 19 10 0 8 10 59 24 70 26 11 77 7 54 8 19
51 7 20 10 1 24 3 53 44 6 9 9 3 49 48 11 87 13
37 46 32 6 4 0 37 11 51 66 7 88 36 16 0 4 43 99
1 28 5 99 19 4 80 9 5 22 17 11 6 6 0 100 65 6
60 2 12 0 2 34 7 53 0 41 47 40 94 7 13 13 11 4
0 10 7 11 8 100 2 1 11 90 8 1 76 9 96 4 3 87
43 51 45 85 76 7 45 8 6 56 2 3 65 0 48 11 33 1
33 3 29 10 10 0 51 9 37 9 4 9 7 11 96 60 59 5
11 49 3 23 64 5 0 4 0 26 10 3 2 10 7 82 39 4
76 4 9 1 1 1 8 26 8 2 4 4 3 12 3 95 4 10
5 11 63 0 10 7 11 9 20 57 86 60 68 2 0 4 95 4
45 45 6 10 7 11 70 51 100 7 72 7 9 6 0 23 5 0
72 9 1 65 6 47 2 11 2 0 29 78 53 0 2 27 11 99
11 8 24 8 71 16 1 9 5 58 8 61 18 85 9 12 31 64
12 3 68 40 5 84 4 7 5 3 4 47 22 22 96 12 82 80
85 7 94 8 26 4 52 54 78 10 25 3 3 9 0 3 3 7
11 76 6 33 7 15 2 8 11 11 6 10 1 69 39 36 3 40
2 53
0 49
3 49
7 65
0 42
6 48
8 57
4 50
2 60
4 60
1 38
7 54
1 42
9 45
6 50
0 52
0 75
0 40
68 9
60 61 65 74 61 56 73 55 67
54 58 26 54 67 62 64 58 55
88 27 24 71 64 66 17 34 56
78 3 84 58 60 70 64 54 63
67 64 58 64 65 71 48 56 16
41 59 51 56 61 56 20 33 57
69 56 88 46 58 50 73 68 19
85 68 58 66 55 67 64 64 59
77 60 8 72 11 28 68 35 67
66 26 67 57 64 29 63 57 22
67 72 68 65 94 64 29 57 68
64 71 19 59 48 64 55 47 55
69 56 66 63 56 66 60 74 66
61 50 40 13 57 74 70 62 58
61 56 54 2 91 37 59 92 56
61 59 72 68 67 96 15 93 49
57 64 34 27 71 0 67 3 58
70 57 43 5 40 17 70 65 61
61 55 66 65 66 73 56 74 17
68 42 68 67 72 70 72 13 45
74 72 66 88 74 70 61 66 72
5 28 35 54 58 17 66 20 58
84 22 68 63 73 42 28 66 15
63 69 96 91 69 70 66 68 83
55 16 74 60 67 53 89 72 70
60 48 70 57 57 72 17 61 64
54 59 72 75 71 73 28 74 60
60 69 54 90 66 74 61 96 83
74 28 56 27 58 69 57 67 70
18 45 70 57 62 97 54 72 74
58 65 67 70 25 66 70 89 66
58 71 93 82 72 70 64 25 9
79 54 57 64 58 30 67 17 62
63 56 32 90 63 69 70 41 37
74 58 73 72 31 26 88 56 59
65 4 67 70 68 74 75 90 73
87 63 27 70 60 63 15 62 59
69 66 71 60 96 65 66 62 26
64 77 62 44 67 50 68 66 78
42 69 23 73 56 77 71 66 3
84 69 90 31 66 60 72 56 90
61 56 72 52 89 70 60 61 70
54 65 97 86 66 43 65 99 0
59 73 74 57 55 66 72 67 69
73 73 66 62 59 66 55 64 59
69 11 62 64 59 48 68 95 0
70 96 74 72 58 89 61 63 65
63 40 31 66 43 60 68 54 69
72 53 64 9 19 26 62 66 72
67 66 61 0 59 4 69 66 60
64 15 32 54 24 4 69 58 66
72 71 68 64 59 67 12 31 73
66 76 1 61 72 26 66 61 22
62 69 66 73 70 70 48 11 72
11 9 54 72 31 56 73 25 70
61 66 64 80 69 74 63 90 65
98 45 61 61 88 66 68 65 56
57 54 67 68 68 70 55 71 65
85 61 56 61 55 78 34 64 51
62 5 5 63 58 72 55 40 8
47 57 98 57 63 64 64 72 62
62 53 66 72 55 70 73 85 61
61 56 65 3 95 69 55 71 54
57 63 39 69 0 49 72 35 59
69 54 74 74 71 58 70 69 41
12 61 61 55 30 57 80 95 75
18 93 69 52 60 63 26 58 65
22 65 74 64 72 91 65 66 70
2 10
20 34
4 47
0 0
7 30
34 45
10 27
8 21
0 0
27 10
11 12 17 4 60 77 67 25 44 87
7 2 63 26 46 6 7 34 5 22
11 80 3 9 67 81 9 10 9 35
5 4 71 9 87 4 63 99 21 9
7 31 4 8 8 2 50 49 0 32
4 2 49 8 7 2 4 92 2 5
3 0 4 14 4 5 4 3 87 9
11 0 0 91 88 72 76 66 8 10
24 52 56 0 97 3 8 10 5 10
19 3 8 39 2 79 69 1 54 55
10 6 80 33 9 17 9 94 43 11
25 88 8 13 10 96 60 6 83 88
96 81 4 11 54 0 1 6 2 79
6 9 1 69 19 69 53 71 80 75
38 8 94 5 25 11 11 5 7 10
6 18 89 2 4 9 80 6 24 50
3 52 4 96 10 8 3 34 1 6
37 62 3 99 7 76 5 0 4 4
75 53 9 0 81 11 4 66 77 10
77 15 9 8 32 55 47 81 88 65
7 7 38 9 11 2 9 13 5 45
80 4 1 5 1 11 12 41 9 7
10 87 5 0 14 9 0 2 12 10
59 35 4 9 0 11 6 58 70 5
66 11 10 97 46 7 10 95 4 4
0 6 100 79 7 87 3 2 30 11
74 9 10 6 2 9 6 16 61 8
0 0
31 43
0 0
0 0
0 3
0 0
8 24
0 29
15 37
12 49
16 5
34 73 11 25 53
30 35 65 79 60
25 60 19 96 79
19 14 32 80 61
24 28 49 79 9
85 9 59 46 91
29 29 19 71 4
54 98 63 1 83
46 73 55 49 90
5 29 54 82 23
67 1 100 85 83
33 100 30 32 17
57 37 30 22 36
89 46 52 47 26
2 92 33 3 87
68 13 65 32 1
31 77
14 39
31 70
0 24
17 55
37 5
31 27 61 55 56
72 75 85 30 29
90 20 8 89 66
28 42 4 57 98
32 62 19 76 3
24 40 47 5 76
68 66 41 38 77
7 88 31 31 38
25 49 88 64 5
62 100 81 79 68
61 27 84 22 89
65 100 24 54 40
78 86 5 32 48
4 9 81 100 96
21 84 45 27 68
55 49 1 34 65
47 52 47 83 98
94 60 1 50 0
65 46 6 79 46
13 75 27 17 33
43 35 24 26 68
11 31 99 16 50
12 83 24 54 28
59 57 57 58 51
1 61 28 93 84
62 57 38 90 44
31 12 87 17 29
20 65 94 44 91
85 55 15 36 91
31 56 85 36 80
48 28 52 0 57
47 50 16 80 59
14 16 13 46 25
40 79 35 15 57
42 18 45 82 47
48 48 65 58 41
77 56 43 93 59
5 26
6 13
0 16
34 34
16 18
48 7
31 56 54 90 64 59 77
51 83 65 59 92 64 72
11 55 54 98 1 12 89
62 56 54 29 87 56 70
69 66 67 62 53 57 50
66 97 79 63 63 70 60
69 40 53 67 56 60 51
53 51 52 58 52 61 68
54 51 55 66 85 53 11
54 58 70 6 63 21 63
4 17 52 70 35 63 30
51 6 5 69 98 66 40
97 59 20 69 69 70 55
65 57 67 62 69 55 71
66 60 69 25 53 55 46
53 22 61 52 7 54 7
63 62 70 69 51 51 53
38 55 67 68 89 65 31
64 66 70 53 69 71 67
63 20 62 90 84 75 69
54 54 64 65 24 68 57
69 99 35 52 63 71 60
46 68 56 67 27 51 79
98 57 72 60 63 52 58
60 58 59 63 58 0 3
4 22 59 67 64 65 13
64 62 55 61 64 66 64
86 52 60 63 54 63 29
15 71 33 36 61 68 11
37 54 52 13 86 77 67
92 63 62 55 59 55 56
61 100 55 28 62 51 53
58 85 66 50 5 70 57
53 74 60 64 54 61 98
58 51 56 57 69 69 16
70 81 2 36 54 70 67
52 34 79 55 56 2 58
51 70 51 71 22 63 62
63 53 11 66 56 54 67
70 80 65 57 89 71 52
60 9 59 67 79 77 55
69 55 62 50 66 54 64
64 57 4 69 62 88 52
42 3 44 3 37 54 50
1 64 54 64 55 63 61
51 59 51 62 88 67 33
55 69 61 66 66 33 63
51 3 68 54 82 58 62
3 35
0 7
2 26
14 26
5 16
1 30
19 29
23 16
4 1 41 34 1 80 13 63 0 10 23 13 21 6 12 12
1 41 60 3 11 55 12 10 9 9 7 1 54 11 2 12
91 1 29 95 9 6 81 9 0 12 6 10 74 21 5 55
7 1 12 6 25 5 80 67 10 10 16 9 0 98 68 58
13 31 46 77 65 50 13 17 64 67 26 7 11 1 5 49
0 96 4 59 73 8 29 63 1 6 8 95 16 3 94 48
63 20 6 4 6 22 56 21 7 1 1 93 53 9 12 19
13 54 5 10 55 12 7 69 84 60 61 2 2 9 4 5
12 82 2 1 1 5 64 89 4 56 0 12 13 1 27 47
8 5 72 0 40 27 19 34 12 7 6 14 46 96 84 100
92 7 89 8 55 3 3 5 55 52 10 5 11 57 13 3
0 9 72 12 86 4 10 77 74 13 19 3 38 11 3 62
6 26 37 88 45 73 12 13 3 12 36 1 84 3 11 7
16 18 75 1 1 100 16 16 14 37 76 2 13 43 2 28
27 9 10 2 2 43 7 4 9 47 8 73 13 11 77 20
65 5 4 39 0 11 51 7 2 10 10 98 12 11 12 1
88 6 11 26 10 67 5 10 2 97 1 13 15 6 73 11
58 76 49 8 4 65 10 89 3 20 5 71 5 3 4 6
1 59 5 10 1 5 8 1 2 0 34 5 13 2 18 11
11 4 12 3 11 4 61 54 7 15 42 0 35 42 13 0
8 4 0 72 2 0 77 5 97 23 2 8 69 5 4 56
11 7 5 3 66 3 48 9 13 4 1 3 10 78 46 4
68 32 12 35 10 10 3 5 11 10 46 98 12 13 3 8
1 7
1 10
0 14
2 13
7 15
8 14
4 11
1 15
7 15
4 14
0 18
2 15
10 17
3 17
7 15
9 13
78 1
99
44
38
22
9
35
45
87
97
9
32
33
36
3
72
32
77
44
40
33
48
75
33
76
33
86
47
99
34
13
44
9
34
32
33
48
61
38
47
92
32
40
47
44
59
47
88
55
38
48
6
42
35
63
31
38
39
43
73
31
11
81
47
35
37
34
100
49
47
92
100
27
94
34
33
40
55
30
11 100
1 4
81 38 2 12
9 83
2 54
2 72
11 70
10 3
9 3 38
9 34 7
10 80 54
60 0 8
52 10 4
5 1 100
87 42 0
4 10 4
10 3 1
54 80 50
18 72
24 82
30 100
23 4
83 92 93 94
88 84 84 78
92 32 67 92
69 90 97 45
38 80 84 36
85 80 45 57
91 84 85 75
11 74 80 90
77 96 90 81
90 80 36 93
90 88 78 42
78 52 68 77
57 52 79 82
36 82 94 39
81 24 13 85
86 63 83 25
76 21 24 81
63 88 74 90
63 75 45 85
83 25 94 71
93 86 91 94
78 86 93 80
24 86 3 49
25 27
32 32
14 21
20 20
32 4
88 84 45 89
71 88 63 85
34 99 46 64
42 81 63 53
10 63 88 69
62 8 91 81
46 11 15 31
20 23 81 53
62 98 39 61
100 50 86 1
37 64 68 48
80 21 59 28
70 50 0 67
38 77 81 41
56 87 42 22
96 68 46 14
79 27 71 81
71 44 17 23
63 4 53 10
62 15 6 51
31 31 42 11
55 44 47 84
66 80 59 35
30 96 98 41
100 38 93 1
31 24 77 14
79 94 49 15
23 65 46 50
27 84 3 63
86 64 43 81
48 46 16 24
98 25 98 84
5 36
6 51
15 94
27 87
6 9
34 66 21 70 9 50 95 95 65
16 94 36 93 53 46 81 21 32
66 46 12 91 29 32 52 6 93
99 63 32 44 9 58 66 82 70
52 27 91 17 43 51 39 94 99
97 88 21 66 36 16 82 24 90
3 10
1 11
1 12
14 19
10 17
0 9
4 20
1 23
1 23
66 17
6 92 49 48 78 51 13 48 6 13 59 64 87 53 5 91 64
99 55 54 71 35 90 12 50 8 19 60 25 0 11 28 98 8
32 24 1 38 58 17 85 21 10 63 1 93 2 15 40 14 49
23 99 17 44 19 24 100 48 21 16 33 90 95 46 80 85 2
24 74 84 93 36 67 41 16 83 92 68 11 23 3 42 25 82
36 79 0 25 61 63 86 12 51 78 26 71 56 69 61 53 49
76 61 44 9 46 12 70 64 59 68 26 29 21 24 25 58 28
8 41 78 99 37 56 46 5 52 48 94 15 41 4 92 42 21
33 90 15 99 14 88 2 92 76 60 30 26 52 97 90 27 49
33 35 5 19 64 67 73 56 57 97 31 25 71 15 53 95 7
76 54 86 49 58 32 87 32 86 100 11 13 15 71 63 90 49
17 57 66 0 34 52 92 78 43 9 95 1 45 1 1 82 14
55 11 90 24 67 79 60 98 65 8 81 5 94 53 4 53 93
63 71 57 16 74 38 8 41 22 30 86 27 50 79 45 27 39
52 92 72 96 0 50 87 49 23 41 35 27 93 0 30 23 83
72 57 61 82 97 18 80 1 65 32 92 67 60 65 43 92 95
50 68 84 7 18 2 64 14 52 67 93 80 25 96 68 31 91
42 14 33 66 66 36 98 55 37 17 99 6 62 13 98 83 95
77 33 88 63 44 86 35 4 20 71 99 95 86 70 4 94 3
99 69 89 26 62 90 89 84 77 36 26 95 24 76 49 85 77
51 9 70 82 12 78 35 40 53 78 29 24 64 18 17 49 55
92 76 12 44 57 95 47 86 39 8 24 70 56 73 44 29 31
94 8 34 97 12 78 93 77 54 54 89 97 71 44 7 1 56
42 45 93 8 16 45 81 59 3 81 19 13 95 82 83 77 55
22 22 78 24 94 58 6 16 54 30 42 23 22 95 93 38 13
49 82 94 45 64 68 38 12 31 9 47 88 43 34 62 56 79
91 23 86 90 86 36 36 9 5 6 70 19 23 45 16 67 56
50 99 52 2 32 8 73 58 2 12 55 26 48 88 38 63 100
84 40 85 51 26 59 40 12 49 96 85 13 70 80 15 76 7
14 98 98 51 81 14 12 99 38 52 14 3 59 14 54 49 63
52 98 82 32 36 14 97 63 41 62 38 57 83 90 88 98 55
31 72 98 50 27 75 18 90 7 77 64 90 22 55 86 19 14
83 11 2 45 10 92 11 17 94 94 90 73 35 54 4 76 45
97 42 12 17 11 46 96 97 23 69 79 76 63 100 53 44 45
71 87 60 18 43 17 55 21 53 44 87 56 20 96 25 26 89
90 38 44 39 5 0 8 84 56 29 30 99 50 12 81 64 55
79 80 29 13 11 81 60 48 30 49 82 76 41 59 3 86 23
55 12 23 51 60 57 55 49 82 41 64 35 95 35 97 6 19
67 84 36 44 38 63 62 34 91 19 64 70 65 92 68 21 63
76 64 44 22 27 33 71 59 60 14 42 25 68 90 14 67 57
6 76 20 5 93 15 8 61 34 87 37 11 51 34 74 80 60
13 14 89 69 26 89 59 45 18 66 35 25 83 27 27 98 42
64 9 7 7 9 61 8 61 0 64 0 73 27 11 81 20 78
39 52 45 3 32 75 37 65 22 0 31 11 95 52 8 29 39
87 69 26 78 37 62 77 68 7 20 95 21 57 21 77 37 0
92 45 3 74 21 69 36 93 29 72 45 18 6 17 41 92 61
54 92 10 89 52 45 88 15 39 25 25 22 83 6 55 35 100
45 58 16 3 23 60 47 5 76 32 36 81 88 87 71 47 67
10 35 4 96 6 6 75 84 30 3 1 59 31 81 34 40 85
34 7 90 88 90 85 84 14 54 22 53 32 4 61 7 47 86
46 32 82 98 39 55 83 73 34 31 67 46 26 91 45 5 86
34 55 28 96 11 72 54 13 17 99 58 75 9 78 40 53 64
60 50 43 18 64 60 74 33 5 15 87 33 60 97 88 49 96
66 77 23 38 46 28 56 12 39 47 89 41 45 85 68 3 14
72 60 80 50 41 71 89 0 14 81 41 69 16 71 10 85 95
79 19 55 70 1 49 29 21 10 49 55 62 52 34 11 24 36
94 79 24 93 73 74 79 8 65 73 56 34 57 67 16 84 67
36 6 29 95 80 88 42 71 7 44 14 32 15 74 65 74 75
63 35 5 12 19 47 76 67 81 10 7 30 21 6 79 88 26
39 85 11 21 24 14 49 91 70 3 66 42 45 52 80 70 0
13 41 26 85 97 96 58 29 94 52 64 87 97 79 0 81 41
13 6 16 47 77 13 18 15 91 53 5 26 36 62 28 23 12
74 12 76 40 28 4 82 77 94 57 40 23 66 81 23 63 66
17 0 59 86 27 41 60 5 14 13 96 48 87 94 79 7 58
14 45 55 68 89 76 27 6 76 32 58 67 23 32 35 43 87
12 31 65 16 72 92 56 58 80 43 76 31 42 43 77 50 72
0 23
6 29
0 12
28 55
5 64
0 9
2 18
0 8
0 21
0 0
14 43
17 41
5 26
5 59
0 1
4 57
0 23
1 3
86 14 2
12 69
23 24
37 63
28 18
41 47 92 28 36 33 97 30 33 46 38 41 0 44 48 47 69 45
48 0 35 14 28 39 42 45 43 36 41 33 38 32 30 13 47 47
36 47 58 48 37 46 20 84 48 44 71 3 38 30 43 65 42 33
52 12 24 29 48 42 40 23 45 38 54 1 34 38 89 34 58 47
93 41 45 80 35 38 31 48 38 40 43 47 43 70 73 70 47 99
28 47 30 41 27 40 48 55 46 34 35 28 14 41 46 83 33 40
30 44 47 33 85 35 47 30 23 32 40 72 43 41 45 36 96 47
47 31 35 34 28 74 97 31 48 41 71 44 34 37 47 35 23 46
35 70 41 32 49 45 75 36 43 41 35 32 22 32 86 28 30 45
31 4 35 42 44 45 34 52 42 18 40 98 69 47 36 31 42 45
10 73 78 42 96 86 42 29 63 23 44 48 47 41 24 67 91 34
54 15 41 44 34 45 18 61 45 44 48 98 45 45 42 11 34 28
43 29 31 31 40 25 42 38 38 64 76 43 56 35 34 28 45 11
31 33 40 35 98 38 35 39 99 41 98 29 59 43 80 83 20 31
45 66 30 47 34 39 46 14 32 44 41 46 45 45 32 30 83 26
44 46 29 48 43 34 10 83 38 48 41 31 46 38 45 64 74 90
48 28 9 31 36 10 88 35 44 9 10 47 28 47 5 41 32 72
32 43 33 34 31 48 32 11 33 45 36 41 98 38 37 27 32 70
31 10 90 37 27 44 72 65 87 34 43 29 19 8 50 100 31 63
31 30 40 35 92 38 47 42 29 96 40 92 40 22 38 40 39 48
38 34 29 30 32 48 32 28 29 35 48 32 30 45 40 45 41 33
45 80 1 39 18 45 38 98 64 28 48 30 36 42 5 10 40 33
43 34 75 31 42 42 35 32 48 28 40 33 33 65 32 40 42 34
28 0 31 34 39 41 75 36 91 70 28 18 43 32 99 39 31 48
48 29 67 49 62 92 40 41 62 29 47 97 38 29 47 47 46 45
24 41 23 30 41 88 55 36 47 39 12 56 43 81 50 37 67 36
31 31 35 31 31 43 35 55 42 47 40 38 71 46 48 33 28 33
47 29 59 54 66 42 31 46 36 31 40 46 7 84 14 35 38 31
4 18
4 25
7 27
1 24
3 18
7 26
6 18
2 25
7 24
2 17
6 23
3 22
5 23
9 24
4 19
2 25
1 17
4 21
10 5
0 3 4 96 85
89 30 68 56 98
99 100 72 58 42
24 61 48 54 48
19 21 7 94 21
82 8 79 53 31
92 72 71 31 34
93 69 12 48 24
73 36 67 93 38
34 3 11 29 59
8 100
13 98
0 100
0 78
0 69
1 4
10 73 95 49
0 95
0 77
0 100
38 100
3 5
46 6 20 18 64
78 9 8 32 46
12 14 8 44 10
22 69
18 80
15 64
21 76
12 67
2 5
19 81 57 38 11
35 60 0 89 7
1 33
0 31
0 5
0 28
0 26
26 9
6 3 49 97 4 44 7 87 11
98 1 40 24 90 50 3 73 7
28 46 54 58 5 52 100 65 74
0 81 84 82 81 87 83 82 22
81 5 44 46 67 81 45 83 91
100 95 3 17 74 87 83 30 27
41 1 4 20 2 7 33 94 54
56 42 18 32 6 69 73 71 0
39 82 55 59 76 43 34 92 41
84 43 58 24 50 24 37 5 58
43 77 40 29 64 25 38 68 37
70 34 97 100 55 15 78 44 17
34 57 23 52 22 21 17 20 81
90 24 3 57 52 30 0 64 7
19 3 50 85 33 69 50 14 79
44 61 13 64 65 47 32 82 49
42 43 99 71 31 22 76 28 94
91 35 59 91 40 68 87 53 56
77 9 60 15 69 90 47 26 5
79 34 57 79 29 32 7 92 32
83 94 59 70 33 89 59 64 83
85 17 10 98 83 97 79 49 92
57 32 45 71 56 25 2 17 96
22 40 22 40 26 26 70 6 76
36 98 59 34 74 24 26 28 81
76 41 72 77 40 96 22 62 60
0 0
0 22
5 81
0 67
0 46
0 0
0 54
0 18
0 67
28 1
93
4
5
13
4
75
83
10
3
6
7
3
2
24
10
86
16
8
98
84
13
3
95
12
68
56
8
77
100 100
10 3
72 42 83
75 9 71
68 61 27
74 56 98
23 23 86
2 19 10
78 80 24
98 75 80
74 67 18
27 20 98
8 81
0 29
0 62
14 2
37 75
63 78
52 10
73 78
78 64
78 67
81 71
75 66
66 68
82 80
60 65
72 76
63 92
16 88
30 83
1 83
9 1
52
94
90
74
4
0
52
97
69
4 100
53 8
19 0 74 0 6 1 9 6
0 11 8 97 34 77 1 48
26 59 69 3 7 7 8 11
45 10 9 35 6 58 8 6
67 5 14 9 62 8 20 77
7 25 2 95 60 33 13 48
6 97 3 1 13 88 3 1
7 3 6 9 5 11 100 70
0 6 1 66 14 47 96 39
83 58 7 44 30 5 33 11
0 11 8 6 13 95 21 2
0 95 5 67 98 11 5 78
9 12 52 9 29 7 5 4
84 7 79 0 48 11 71 5
9 7 35 1 71 4 11 48
2 93 75 67 3 9 12 91
10 4 0 82 80 17 63 90
9 10 43 20 5 19 9 6
9 38 80 25 2 4 93 35
3 96 92 1 13 5 30 0
12 13 61 89 72 37 90 15
1 11 56 44 8 84 6 85
1 10 32 81 40 93 13 46
11 5 9 43 5 47 88 75
30 35 71 49 8 1 7 97
8 11 6 7 7 85 48 9
90 5 28 33 2 40 8 67
54 88 56 10 7 86 8 4
50 43 89 42 10 7 9 1
42 8 36 10 11 82 30 1
0 2 44 11 0 1 13 37
19 0 27 2 10 8 9 9
12 97 86 7 9 28 91 46
1 0 1 1 87 10 95 10
9 9 98 90 62 33 5 4
90 14 44 3 87 10 19 80
59 28 96 88 76 6 24 5
4 29 46 8 10 34 3 63
6 16 10 0 67 84 43 90
1 5 70 2 3 11 11 0
6 93 5 7 1 37 81 100
35 3 76 1 22 11 10 69
3 78 5 60 80 56 82 9
4 7 2 6 11 9 85 8
95 45 74 7 5 23 93 16
66 78 11 47 21 8 52 22
5 8 7 5 5 25 46 15
10 38 19 1 24 51 36 7
1 1 10 28 3 3 3 53
6 86 81 0 0 10 11 2
77 26 3 0 2 6 11 5
23 2 73 6 12 0 37 59
4 4 9 35 44 8 50 0
4 41
18 57
16 52
3 31
7 39
11 43
9 56
16 54
97 4
86 28 60 10
37 1 67 82
78 16 60 20
36 19 80 82
50 7 18 68
80 13 90 63
67 77 61 93
82 80 65 74
90 98 60 84
68 74 74 38
7 20 34 41
60 82 46 28
99 1 40 94
42 25 100 72
70 84 50 63
87 25 100 78
95 90 83 55
63 67 43 17
98 71 21 17
84 4 32 14
34 15 8 100
82 3 7 96
5 28 79 96
5 88 72 11
38 15 38 17
37 74 59 82
84 32 48 62
18 71 62 56
6 26 9 70
65 73 72 49
7 19 72 59
5 63 16 33
17 84 46 25
55 94 57 57
91 18 21 33
36 97 73 23
85 5 88 22
29 42 5 18
74 41 91 26
23 5 70 73
58 5 98 93
54 18 22 22
82 56 27 57
78 40 43 96
32 80 97 50
45 49 41 12
27 64 49 69
91 36 73 91
84 39 64 39
86 33 62 78
18 85 40 14
14 74 85 54
17 72 80 40
60 98 9 43
79 69 52 52
10 54 54 30
15 11 59 86
75 40 39 86
99 98 36 25
20 68 10 52
34 34 80 40
30 77 16 86
52 80 62 31
27 24 1 37
90 45 64 71
59 65 19 21
67 9 64 8
87 29 57 41
71 19 7 73
68 89 11 37
31 98 5 60
97 59 99 80
25 63 79 80
3 74 99 74
15 27 46 99
49 35 53 74
67 26 50 75
78 94 13 20
60 1 96 97
16 44 65 16
25 54 10 33
3 33 64 90
33 90 61 1
53 93 36 97
79 30 23 7
72 21 66 29
36 74 97 89
87 8 65 73
89 27 75 32
40 58 85 23
15 49 1 48
9 66 50 69
58 74 43 49
70 26 0 82
100 66 42 34
66 57 35 71
26 33 97 77
11 36
0 15
0 0
20 49
41 6
37 88 3 24 92 72
45 78 43 82 87 92
67 80 75 80 17 73
83 75 47 79 91 26
91 37 89 41 89 86
85 56 71 79 84 74
90 88 81 48 73 11
73 91 88 89 8 88
47 95 74 71 69 75
91 88 86 82 82 43
78 50 89 74 75 78
3 73 86 37 87 19
64 71 78 72 80 67
24 85 75 13 71 82
51 23 84 84 73 83
75 86 4 71 86 86
87 91 89 80 4 87
84 74 50 74 78 83
87 49 87 60 81 85
42 74 81 25 81 2
83 83 42 72 80 80
81 73 74 90 23 76
91 73 31 6 73 86
84 91 19 46 78 84
83 72 81 71 95 2
87 76 7 87 90 9
91 29 25 78 96 78
86 94 90 87 71 85
50 78 46 73 75 85
39 37 81 63 72 90
72 80 38 83 73 81
78 76 88 88 85 74
79 77 83 85 49 7
79 84 89 89 30 54
71 87 24 86 81 83
73 36 75 76 2 79
88 85 91 85 89 78
86 76 63 29 56 80
47 20 91 69 26 84
78 89 84 73 84 78
84 21 91 75 74 34
1 5
3 30
22 28
23 27
36 38
0 3
15 9
38 41 92 59 95 35 92 83 51
5 83 91 77 33 30 96 5 19
83 42 17 51 25 32 69 10 59
43 65 97 100 21 82 1 78 50
5 22 15 27 34 99 94 33 58
89 7 88 33 13 82 1 7 48
13 67 79 74 33 96 99 67 63
66 92 86 32 49 80 49 90 22
25 9 34 76 3 67 46 37 55
7 22 46 92 27 65 85 70 23
32 1 95 35 70 1 7 19 69
16 44 92 93 26 37 72 33 72
22 51 6 24 34 88 32 44 70
3 76 70 71 23 95 93 87 70
80 100 24 36 91 55 34 21 46
0 21
9 21
6 14
13 31
1 23
7 13
3 20
0 18
0 21
6 1
52
61
39
55
44
34
22 100
6 4
58 20 11 76
23 98 90 14
5 12 72 44
53 40 40 71
2 27 99 91
88 3 83 9
11 15
6 36
11 14
31 35
9 5
65 53 66 79 0
81 51 100 53 41
89 94 63 45 83
54 93 99 57 40
27 9 3 90 67
75 53 4 8 82
91 42 31 2 87
54 65 66 12 31
20 47 30 47 92
0 0
15 36
25 45
0 3
0 27
17 1
46
2
41
85
60
55
97
67
59
63
53
13
65
19
25
65
64
36 100
9 2
81 55
47 40
50 36
90 30
49 88
20 12
56 58
39 45
72 86
10 45
16 67
6 3
73 86 44
40 90 50
35 89 26
57 5 47
29 56 10
36 89 79
44 58
0 10
0 41
9 5
26 94 43 23 36
90 94 74 15 17
31 48 44 39 62
67 12 81 14 83
3 6 74 81 96
15 20 3 96 14
56 90 6 63 1
89 4 91 34 98
3 27 37 64 75
10 100
27 100
18 82
0 86
22 92
4 9
74 52 17 18 61 79 35 20 77
68 15 73 30 35 59 56 7 15
53 89 82 21 18 64 44 19 4
48 8 9 42 80 81 81 10 27
10 100
0 100
2 80
3 100
0 84
3 100
0 97
1 100
1 85
7 7
90 33 43 0 89 32 47
6 69 48 11 20 9 77
100 7 69 31 41 28 28
9 30 28 42 38 36 46
32 39 35 30 36 33 32
88 90 40 39 37 38 42
34 26 33 95 42 44 32
9 80
0 76
1 89
5 77
0 77
14 86
0 90
9 4
41 28 96 11
38 30 32 41
22 40 30 26
41 45 52 47
26 27 28 58
38 39 40 39
29 33 1 43
2 50 44 12
45 34 50 2
19 47
32 45
23 31
16 44
12 2
68 20
51 10
35 49
9 65
0 50
18 9
3 1
7 7
3 76
1 7
31 45
28 47
63 71
32 49
70 20
98 30 62 32 25 58 36 14 12 29 72 45 77 6 12 35 21 47 13 34
4 37 97 40 96 29 38 43 5 31 44 41 62 40 35 25 31 28 29 68
27 41 38 77 84 10 26 35 57 36 93 34 44 28 23 58 33 37 77 26
28 37 17 26 26 38 45 2 62 42 44 9 38 37 28 42 25 40 32 66
47 64 11 92 68 44 25 27 38 33 45 33 33 24 27 44 30 39 21 27
15 36 30 40 38 36 96 89 35 54 31 0 29 71 25 52 32 30 31 16
56 76 27 28 65 29 43 37 42 46 37 35 35 38 40 44 34 40 33 25
41 6 37 88 23 36 35 29 29 34 39 41 44 36 50 43 25 2 34 40
30 45 49 44 26 25 41 41 25 39 37 45 38 60 18 29 35 36 30 89
30 29 40 35 76 28 50 83 30 38 37 99 4 26 29 45 82 44 38 9
21 36 34 32 31 45 30 28 36 67 38 31 45 37 49 29 37 25 42 40
35 37 29 36 84 36 41 30 1 29 23 32 36 2 42 35 31 46 27 85
33 39 10 36 36 73 43 40 34 40 32 63 26 11 8 30 71 19 27 7
45 43 35 44 28 37 35 62 25 44 21 33 52 41 41 25 8 69 35 71
58 37 29 35 34 35 34 65 35 31 93 29 38 38 15 36 44 48 38 42
1 21 45 26 38 36 40 37 29 6 32 1 68 32 36 33 29 30 41 47
41 37 29 1 40 32 42 40 11 76 28 78 35 51 25 25 18 85 57 54
16 52 44 39 37 99 28 70 98 29 43 40 41 40 42 14 41 69 44 27
26 76 31 42 45 35 35 31 35 38 32 40 31 32 42 14 26 38 37 24
76 10 45 41 45 11 32 2 41 39 45 27 41 35 2 45 41 45 32 93
25 28 36 26 33 33 28 42 35 40 42 1 94 38 29 86 32 29 51 33
3 26 37 36 27 36 35 38 55 40 33 51 32 44 3 99 31 85 100 35
2 71 41 44 3 43 35 39 40 52 28 31 68 47 52 52 37 30 42 62
43 3 32 71 99 29 44 72 60 37 10 19 34 26 89 49 27 10 35 39
40 44 35 98 16 58 28 41 38 25 90 72 95 48 57 34 26 37 51 43
42 56 35 40 16 26 39 32 29 33 32 40 42 32 36 87 73 41 31 63
22 48 39 80 41 37 97 83 98 34 44 33 44 47 19 35 33 39 40 32
37 29 18 41 99 67 51 26 33 45 41 2 5 74 82 10 26 33 36 14
65 27 41 28 43 29 66 40 19 35 43 3 70 34 9 16 87 8 49 25
33 92 44 43 32 65 27 38 78 95 40 43 37 37 40 37 35 39 37 32
30 43 56 82 37 41 33 40 6 25 16 36 16 29 27 27 38 37 45 31
29 38 22 34 28 62 27 37 28 30 35 36 3 29 32 12 35 32 52 39
45 42 27 94 45 73 28 52 26 95 61 58 34 31 80 40 9 15 66 45
62 74 77 73 43 30 35 55 39 34 37 40 50 44 67 45 21 33 38 31
32 93 39 47 28 77 43 37 40 38 32 37 40 32 6 18 81 37 31 78
27 44 14 40 44 81 41 27 26 49 33 25 100 55 36 34 26 37 28 42
36 29 62 10 37 36 30 58 44 94 26 38 40 28 67 29 32 38 31 40
30 38 26 85 32 38 41 17 36 32 39 8 45 32 77 35 37 44 29 90
29 30 40 41 39 7 15 37 38 29 45 29 73 41 32 73 2 35 40 37
37 32 34 24 27 71 31 40 20 26 37 24 25 23 10 81 99 83 27 41
37 43 44 31 19 36 26 41 38 53 27 13 35 22 32 51 29 86 68 31
26 45 35 26 41 45 65 37 37 96 31 44 33 87 70 35 28 28 39 41
28 3 44 43 44 42 37 31 72 45 32 40 29 28 29 32 20 11 36 37
33 26 44 44 44 56 29 9 92 30 82 41 28 32 22 53 44 71 59 16
81 18 36 32 63 33 29 15 25 37 39 30 43 25 64 41 41 44 42 27
40 43 9 45 28 43 71 42 32 38 28 36 13 29 81 9 91 37 41 9
25 16 89 30 37 10 35 3 45 57 37 37 4 26 6 42 92 80 95 29
42 44 65 45 26 32 12 40 28 34 27 40 36 38 45 29 30 23 34 57
34 40 41 38 39 89 33 27 85 30 59 30 71 57 2 36 44 25 36 5
37 18 80 3 35 27 25 35 38 39 29 38 36 34 36 45 39 49 27 22
49 37 41 26 26 72 44 1 41 13 37 6 42 43 30 33 32 42 31 66
29 18 38 31 33 35 28 21 35 35 40 56 97 26 63 39 44 84 35 39
36 31 61 87 44 59 35 38 93 7 95 20 38 31 38 33 41 58 15 38
25 43 34 44 13 38 26 32 39 89 49 29 43 41 36 28 41 59 34 91
28 44 45 28 29 89 41 38 72 38 37 20 33 25 41 20 32 30 27 40
29 37 57 95 7 36 37 6 32 66 43 36 67 27 35 37 43 11 36 42
33 44 35 67 89 22 37 38 93 52 27 43 37 57 32 26 91 16 33 68
32 41 40 34 78 33 42 35 38 40 33 41 88 10 30 35 10 40 42 37
32 33 24 10 36 27 44 67 28 43 29 42 52 57 30 76 63 82 12 35
39 36 25 38 25 38 42 40 27 27 69 37 37 0 36 35 36 43 63 31
35 37 36 38 56 29 26 43 94 48 45 42 54 44 36 98 44 65 35 66
92 41 39 37 29 20 26 52 26 43 57 88 97 87 25 55 40 2 27 34
40 25 40 67 67 56 33 55 88 34 34 27 40 86 39 35 44 56 37 87
33 32 30 48 43 25 36 25 41 73 39 32 38 8 32 41 36 38 44 38
85 71 47 33 37 45 85 30 44 37 38 32 13 32 44 88 46 41 65 27
77 16 25 45 1 43 1 46 25 40 43 92 45 97 35 39 38 50 36 28
41 39 28 77 32 32 43 39 78 29 42 28 25 31 38 74 28 76 33 2
49 57 40 35 41 15 76 80 27 33 40 67 30 50 18 42 34 47 43 38
6 44 50 40 97 19 52 32 36 59 28 37 32 54 30 41 37 39 37 35
57 40 27 40 40 3 41 18 26 32 32 34 10 40 29 31 45 25 41 39
0 14
0 0
0 0
0 0
0 7
9 29
2 20
0 0
4 32
0 16
0 0
0 7
0 11
0 0
0 11
3 22
9 23
0 0
0 4
0 6
10 1
49
75
84
27
94
25
65
12
10
95
87 100
40 20
0 41 60 75 68 71 60 59 58 67 2 54 64 66 88 60 78 93 12 76
71 93 75 72 70 0 64 4 77 72 68 71 73 51 69 79 73 1 64 66
4 74 78 75 7 59 61 73 28 49 99 78 68 76 77 66 69 91 61 54
70 69 42 64 71 67 77 72 78 60 75 67 64 0 65 78 62 35 15 57
69 18 96 71 49 75 47 63 90 78 38 75 73 59 44 79 32 69 32 77
61 69 38 78 59 78 82 50 13 77 68 76 64 63 72 40 51 65 73 74
64 24 41 69 84 59 60 76 55 63 70 74 63 80 73 71 71 90 62 73
78 68 67 68 69 74 73 49 74 60 76 64 64 60 74 90 60 3 72 80
64 76 80 82 65 10 26 70 66 80 99 24 73 66 62 64 99 40 75 64
77 75 74 22 76 77 78 71 48 71 64 69 64 64 69 63 64 65 66 68
38 90 93 94 75 71 72 6 78 42 73 62 71 65 62 73 76 67 62 64
61 97 77 67 38 74 78 65 25 20 69 89 68 79 61 37 79 61 64 69
65 77 72 78 64 70 79 61 73 91 31 66 25 63 75 69 63 69 19 58
77 79 74 69 61 77 46 48 74 34 80 74 65 75 38 53 64 74 76 73
55 0 40 69 69 14 78 37 74 71 6 67 72 97 76 33 60 80 52 63
80 60 64 88 10 84 69 64 80 39 64 90 74 72 69 73 65 78 69 69
70 78 77 70 85 78 76 70 9 77 60 31 76 76 73 32 70 49 64 20
74 80 42 78 52 32 67 81 20 70 73 77 65 61 77 36 79 60 74 70
24 19 64 79 67 67 65 65 89 34 65 74 94 62 76 82 28 60 73 73
77 64 23 91 30 68 51 50 75 64 69 76 88 63 71 75 76 17 66 17
90 65 66 78 59 77 83 33 76 50 75 68 81 68 9 90 62 93 71 17
66 4 75 80 79 51 65 84 44 74 68 73 99 76 69 79 91 38 80 65
66 60 84 68 46 66 68 88 58 60 54 70 60 87 30 53 71 87 75 69
79 70 67 59 78 80 66 75 63 77 60 62 67 8 14 61 37 76 75 67
66 64 66 97 60 74 73 79 76 97 77 65 72 80 72 62 75 75 79 76
47 23 21 65 63 69 17 95 70 49 49 81 69 96 76 78 69 96 78 64
79 68 11 58 75 8 80 3 80 63 9 69 68 78 82 5 61 74 32 72
65 6 47 51 46 48 78 77 80 78 79 76 74 100 67 97 73 34 77 41
88 71 68 29 76 66 93 24 80 69 7 63 80 77 62 72 55 62 2 61
71 85 74 12 93 68 18 3 72 78 64 73 74 93 78 70 31 78 65 76
19 37 93 71 68 67 78 80 71 69 69 43 54 71 79 65 72 77 68 61
61 61 77 60 76 5 41 4 75 69 38 68 4 63 79 12 41 67 65 59
76 78 73 68 62 63 74 45 69 84 63 100 3 66 59 12 69 64 64 76
10 72 52 79 77 79 58 77 89 79 64 52 6 14 76 69 80 46 66 46
79 73 80 68 72 90 69 36 39 78 68 72 76 69 62 100 62 20 74 73
35 79 21 75 71 64 62 79 68 79 28 41 13 73 71 25 60 28 72 71
58 14 69 84 24 65 88 82 96 65 69 63 65 40 63 68 79 6 64 64
61 69 75 78 85 67 70 79 71 65 69 67 65 60 79 68 62 78 65 75
60 76 71 80 67 81 22 77 65 67 12 75 76 4 32 77 74 16 67 62
62 76 70 79 65 70 60 69 11 76 77 78 82 66 77 60 72 74 80 62
2 54
0 57
3 41
27 68
0 0
0 34
0 66
0 59
0 0
4 70
0 1
9 49
16 39
0 11
9 39
3 47
0 47
0 49
19 55
0 20
1 2
89 76
29 63
40 44
1 1
28
77 100
8 5
27 41 63 53 74
87 40 61 53 43
52 0 55 77 74
92 25 23 67 90
62 36 9 71 62
98 54 99 23 84
62 93 15 89 41
45 74 73 28 97
60 100
0 52
0 69
0 60
0 54
0 0
