2 1
2 1 1
3 3
1 2 3
1 3 2
2 3 4
4 4
1 2 2
3 2 2
3 4 2
1 4 2
15 23
10 7 98
13 10 20
5 2 41
11 8 98
11 10 53
6 9 32
12 9 98
15 14 39
14 13 53
6 15 35
4 7 32
2 1 53
6 5 39
5 4 53
12 11 39
14 11 20
8 7 53
3 2 39
9 8 39
4 1 41
15 12 20
6 3 41
5 8 32
15 97
3 2 39
5 14 9
9 8 39
3 4 63
14 7 57
3 9 35
2 4 69
6 14 17
1 8 50
9 11 53
3 15 59
2 14 32
3 11 100
9 15 18
11 5 20
15 11 2
10 5 64
3 10 69
2 6 8
11 8 98
7 6 80
6 5 39
13 10 20
12 11 39
15 14 39
5 7 18
13 15 25
15 4 44
9 4 50
10 4 39
13 6 30
10 9 88
14 1 77
5 8 32
6 4 41
13 5 42
10 14 99
12 6 54
4 1 41
9 7 18
13 9 17
8 6 33
12 3 86
6 10 0
13 4 63
14 8 65
5 15 21
7 15 45
12 9 98
12 4 92
2 12 66
10 2 86
8 7 53
15 10 68
7 12 96
7 2 41
15 12 20
11 2 66
6 11 2
10 7 98
6 9 32
13 3 98
14 12 51
5 4 53
1 11 57
1 7 28
1 13 43
1 12 28
8 3 70
1 3 12
14 11 20
5 3 66
2 1 53
4 7 32
15 8 47
15 2 32
5 2 41
6 3 41
5 1 52
2 13 51
10 12 97
11 10 53
11 4 26
4 14 50
14 9 54
11 7 49
11 13 87
14 13 53
8 4 3
2 8 77
8 13 57
13 7 53
5 12 23
9 1 8
6 1 20
9 2 13
1 10 35
15 22
6 3 41
12 9 98
11 8 98
14 11 20
4 1 41
8 7 53
6 9 32
13 10 20
15 12 20
3 2 39
12 11 39
5 4 53
6 5 39
11 10 53
5 8 32
4 7 32
9 8 39
5 2 41
14 13 53
10 7 98
2 1 53
15 14 39
28 258
1 24 61
5 13 97
11 18 73
6 27 20
11 14 69
13 7 74
8 7 71
10 8 64
26 23 86
18 28 70
24 14 49
19 7 77
18 8 45
18 9 97
3 8 84
23 14 68
19 6 6
9 5 46
12 15 81
10 22 0
8 9 53
12 20 43
1 22 91
1 17 13
27 1 83
5 12 69
9 4 73
19 21 5
2 11 63
10 3 65
10 23 13
25 8 86
28 22 60
6 5 71
9 27 51
28 2 57
27 17 28
19 16 18
8 22 20
2 17 33
24 18 75
2 22 22
14 4 81
19 23 29
12 21 3
12 13 41
24 13 40
12 14 43
22 23 12
21 26 39
7 18 27
18 27 59
4 23 61
18 26 66
18 5 31
10 16 42
27 2 54
21 16 13
26 27 12
7 9 20
20 6 66
6 25 63
28 6 30
23 9 1
16 2 9
12 19 30
26 13 27
20 1 43
10 17 55
3 20 92
4 13 32
17 25 41
13 20 35
25 18 70
23 17 38
13 27 2
17 13 88
22 21 71
18 4 75
18 17 71
9 24 74
20 24 29
16 7 16
26 22 62
21 11 86
27 21 31
4 19 70
28 13 6
6 3 72
6 9 96
13 21 12
21 24 55
27 12 96
8 17 83
23 13 59
20 2 10
25 14 79
27 10 58
3 16 53
24 23 71
14 15 12
8 16 75
6 7 12
4 11 51
5 16 81
1 5 78
18 19 12
6 11 66
1 11 96
11 15 51
25 21 62
26 17 25
11 9 75
28 1 17
7 26 11
3 17 14
24 11 8
26 24 68
3 19 100
7 10 54
27 23 62
28 27 71
5 8 18
7 2 58
7 24 81
20 23 14
21 5 8
25 11 11
23 2 22
23 28 88
2 24 43
6 15 95
20 11 16
12 16 51
9 13 51
3 13 82
25 24 47
19 5 13
25 12 79
11 19 51
22 19 36
2 3 12
14 5 41
1 21 78
20 4 76
23 7 21
2 4 90
5 10 6
2 21 36
19 15 88
14 2 57
24 12 44
13 1 16
10 24 31
6 18 2
24 19 93
22 14 81
21 18 48
2 6 78
23 5 86
25 27 86
18 22 29
27 20 71
17 9 32
14 3 84
28 24 62
3 28 5
16 22 54
14 16 21
26 16 1
3 7 78
14 21 24
2 18 94
20 21 41
10 6 46
13 2 66
16 11 76
10 9 71
13 25 53
3 15 81
14 9 12
16 6 52
10 14 51
12 28 96
19 17 91
14 20 89
14 27 79
23 15 31
4 10 34
26 14 59
22 27 63
2 5 1
12 6 23
18 23 4
26 25 71
13 19 3
3 26 8
6 17 48
12 22 76
5 28 13
26 10 17
28 8 59
15 25 51
6 4 76
17 11 41
18 13 95
23 6 25
14 13 71
25 1 62
3 12 10
4 3 71
10 11 12
16 15 71
7 25 40
2 1 71
4 7 8
5 27 86
1 6 2
28 14 82
16 25 96
12 18 100
10 12 20
22 13 79
3 18 64
20 16 88
1 26 58
6 24 76
12 8 46
17 21 29
28 15 30
4 8 78
24 8 3
22 15 4
15 4 37
25 5 31
12 11 71
22 3 10
24 22 46
25 28 35
20 19 71
11 7 46
27 24 91
17 16 8
12 4 6
15 13 33
25 2 4
18 14 88
4 16 35
14 7 79
8 23 0
1 4 53
12 1 50
11 13 12
8 20 53
11 8 52
1 18 64
5 15 96
17 24 58
28 45
10 9 71
22 21 71
2 6 78
20 19 71
18 17 71
11 7 46
28 24 62
4 8 78
1 5 78
26 27 12
6 7 12
25 21 62
11 15 51
24 23 71
17 13 88
18 22 29
20 24 29
2 1 71
19 15 88
10 6 46
4 3 71
26 22 62
14 13 71
14 15 12
19 23 29
20 16 88
16 15 71
6 5 71
3 7 78
12 8 46
27 23 62
17 21 29
12 11 71
28 27 71
12 16 51
8 7 71
26 25 71
10 11 12
2 3 12
18 19 12
9 5 46
10 14 51
9 13 51
18 14 88
22 23 12
28 45
2 1 71
14 15 12
2 3 12
3 7 78
10 6 46
27 23 62
6 7 12
19 15 88
17 21 29
8 7 71
12 8 46
18 22 29
9 5 46
9 13 51
12 11 71
26 27 12
19 23 29
24 23 71
17 13 88
14 13 71
4 3 71
12 16 51
20 24 29
10 9 71
11 7 46
18 14 88
22 23 12
4 8 78
28 27 71
26 22 62
25 21 62
16 15 71
28 24 62
11 15 51
20 16 88
18 17 71
22 21 71
18 19 12
2 6 78
10 14 51
20 19 71
1 5 78
10 11 12
6 5 71
26 25 71
12 17
3 1 44
7 8 73
8 10 82
1 2 73
2 11 79
4 2 44
5 6 73
11 12 73
4 6 49
3 4 73
3 5 49
6 8 65
5 7 65
7 9 82
9 10 73
9 11 27
10 12 27
12 16
7 9 82
3 1 44
6 8 65
1 2 73
10 12 27
4 2 44
7 8 73
8 10 82
4 6 49
9 11 27
9 10 73
3 5 49
5 7 65
5 6 73
11 12 73
3 4 73
12 45
9 2 64
4 2 44
8 11 64
4 5 10
3 7 54
11 6 60
11 12 73
1 12 9
4 6 49
2 7 54
1 10 85
7 8 73
11 3 91
7 11 1
7 12 4
10 5 23
2 12 59
1 2 73
5 7 65
3 9 70
10 12 27
3 1 44
6 7 69
9 10 73
2 10 66
10 3 66
5 9 100
8 2 10
8 10 82
6 1 12
7 4 5
8 12 99
10 6 80
5 6 73
1 11 7
9 8 24
6 3 38
3 8 80
3 5 49
9 11 27
6 8 65
3 4 73
7 9 82
1 8 41
10 11 88
2 1
1 2 12
8 10
4 6 98
3 4 28
7 5 89
8 6 89
1 3 92
7 8 28
3 5 98
2 4 92
5 6 28
1 2 28
8 12
1 2 28
2 4 92
1 3 92
7 8 28
4 1 84
8 6 89
7 5 89
3 4 28
6 1 39
3 5 98
5 6 28
4 6 98
8 11
3 5 98
7 5 89
1 2 28
5 6 28
7 8 28
3 4 28
4 6 98
2 4 92
8 6 89
2 8 20
1 3 92
36 60
11 17 100
22 21 77
7 8 97
34 28 24
21 27 56
11 12 42
25 26 97
23 24 42
27 26 34
34 35 0
23 29 56
5 6 42
16 15 77
16 22 28
6 12 93
33 27 24
29 30 42
17 23 28
9 8 34
10 9 77
12 18 100
22 28 56
18 24 28
1 7 93
4 10 93
33 32 34
3 2 34
15 21 28
20 26 56
1 2 97
32 26 24
10 16 100
22 23 0
14 20 28
16 17 0
3 9 93
21 20 34
10 11 0
9 15 100
24 30 56
34 33 77
2 8 93
36 30 24
4 5 0
13 19 28
31 25 24
13 14 97
7 13 100
17 18 42
28 27 77
8 14 100
35 36 42
31 32 97
19 20 97
4 3 77
35 29 24
15 14 34
19 25 56
5 11 93
28 29 0
36 359
8 1 63
20 15 96
3 2 34
34 32 14
7 29 55
9 25 6
20 36 7
12 23 17
25 36 30
22 21 77
35 27 87
20 13 7
10 19 51
3 10 17
30 20 27
1 10 80
13 22 8
21 33 22
2 35 89
30 28 10
21 27 56
35 30 50
32 26 24
27 31 41
8 14 100
20 27 16
13 18 59
14 20 28
15 14 34
24 30 56
18 8 81
36 32 82
34 33 77
6 1 46
6 28 8
23 14 18
15 3 55
4 10 93
4 23 68
5 34 6
2 33 46
7 2 39
14 24 99
8 35 53
1 16 15
6 34 43
13 3 65
17 1 37
10 16 100
4 35 49
33 32 34
2 34 41
20 26 56
2 12 73
21 32 98
23 24 42
36 27 46
19 34 12
6 11 1
2 16 87
23 21 16
23 31 24
29 25 2
18 30 51
7 13 100
6 8 31
8 21 36
31 6 62
17 31 75
34 8 17
8 13 44
22 28 56
4 29 24
34 28 24
14 10 8
16 29 66
11 18 63
27 25 56
3 26 98
2 8 93
16 22 28
36 12 18
29 15 14
10 20 18
29 18 36
31 19 30
26 15 22
23 27 85
2 23 82
32 20 28
1 4 64
8 11 61
5 13 19
24 8 93
3 18 84
13 21 91
23 29 56
20 6 7
21 9 20
23 6 97
17 19 80
9 8 34
1 7 93
35 10 50
22 20 75
21 30 29
12 7 26
30 9 36
24 13 67
17 35 70
36 13 37
31 32 97
31 3 31
19 25 56
4 28 55
26 30 23
31 33 37
18 25 70
3 1 75
11 12 42
5 6 42
30 15 100
33 6 5
17 18 42
11 21 32
20 4 35
4 27 80
12 1 58
4 5 0
14 25 18
17 21 14
15 21 28
36 34 85
8 31 86
33 4 0
11 2 18
3 9 93
31 25 24
36 21 88
5 14 19
33 30 84
24 6 9
18 23 23
6 2 32
36 17 62
10 25 54
31 9 52
22 4 99
21 19 69
22 23 0
26 4 24
26 33 43
18 14 84
29 17 42
27 5 11
29 5 29
1 11 75
33 27 24
10 5 67
35 12 90
26 34 18
19 20 97
1 18 23
1 29 58
4 24 0
13 9 97
16 6 27
12 19 85
13 15 36
36 30 24
16 26 42
9 19 48
17 28 70
13 14 97
23 10 17
7 34 11
13 28 37
4 15 42
2 20 41
5 30 97
28 5 40
9 2 0
17 24 28
27 16 91
14 1 39
15 8 17
6 25 100
18 20 49
7 10 30
12 16 64
36 31 33
31 18 85
36 10 11
13 19 28
4 21 10
7 22 28
1 2 97
12 15 6
36 8 47
5 18 58
23 30 89
35 14 95
2 10 95
9 35 10
35 20 58
32 11 73
14 22 60
10 21 23
29 13 79
2 32 33
33 23 96
27 24 80
21 26 68
13 4 18
12 34 31
25 24 88
32 22 72
15 1 29
15 24 18
31 5 62
1 22 83
19 18 0
24 28 72
26 9 43
31 14 61
27 26 34
24 7 74
29 30 42
16 23 42
25 26 97
27 29 29
3 6 1
15 7 97
11 17 100
28 19 6
12 8 54
35 1 59
25 2 76
8 4 99
7 8 97
15 2 94
19 16 62
16 8 83
22 19 13
16 17 0
10 15 67
10 11 0
36 24 18
28 27 77
36 14 41
35 36 42
35 29 24
2 24 66
8 28 90
14 33 88
34 21 1
21 28 80
36 23 31
35 21 78
1 20 10
32 3 84
19 33 82
30 25 13
13 16 73
21 2 71
18 6 22
11 7 60
21 18 29
6 35 30
35 7 88
1 13 21
12 18 100
29 9 65
30 17 4
17 15 73
3 11 36
19 1 26
5 7 11
24 20 82
12 30 0
18 32 65
21 20 34
6 27 76
17 23 28
6 12 93
17 4 78
25 5 1
27 13 22
34 35 0
22 29 86
26 35 80
5 16 38
28 35 14
15 19 85
16 15 77
5 15 53
32 4 57
5 11 93
10 9 77
17 22 13
18 22 49
3 22 17
30 13 90
25 34 38
29 26 55
33 25 18
3 24 39
12 5 71
21 16 42
19 11 67
5 2 46
26 7 66
9 15 100
2 22 4
32 25 88
13 23 67
19 35 74
28 29 0
7 18 2
15 18 99
12 33 96
36 19 31
12 25 32
16 14 67
19 5 40
23 7 12
36 15 31
5 9 11
6 7 5
26 18 1
25 11 32
20 5 95
7 9 17
10 32 25
6 21 9
25 7 33
30 32 19
14 30 0
18 24 28
32 19 25
21 12 82
4 3 77
31 10 35
4 12 63
5 8 52
20 17 10
33 16 40
2 31 51
7 21 95
15 34 57
9 4 41
10 18 99
18 28 83
9 34 52
26 1 17
13 25 64
3 14 18
36 11 23
19 29 28
36 61
21 20 34
2 8 93
35 36 42
9 8 34
17 23 28
34 33 77
9 15 100
13 19 28
4 3 77
13 14 97
25 26 97
10 11 0
33 27 24
4 10 93
31 25 24
18 24 28
16 17 0
27 26 34
16 22 28
8 14 100
14 20 28
32 26 24
29 30 42
28 29 0
24 30 56
35 29 24
15 14 34
3 9 93
4 5 0
7 13 100
17 18 42
6 12 93
33 32 34
36 30 24
22 21 77
3 2 34
5 11 93
23 29 56
34 35 0
34 28 24
15 21 28
23 24 42
16 15 77
1 7 93
22 23 0
20 26 56
12 18 100
31 32 97
7 8 97
10 16 100
35 22 62
22 28 56
11 12 42
1 2 97
28 27 77
21 27 56
19 20 97
19 25 56
5 6 42
10 9 77
11 17 100
15 23
12 11 62
13 14 40
15 10 48
7 6 62
13 8 48
4 9 43
5 4 49
8 9 40
11 8 14
10 9 49
1 6 43
15 14 49
13 12 21
2 1 62
11 6 48
5 10 43
3 2 21
3 8 43
8 7 21
12 7 48
2 7 43
3 4 40
14 9 48
15 22
5 10 43
3 8 43
11 6 48
8 9 40
12 7 48
7 6 62
1 6 43
10 9 49
13 8 48
12 11 62
3 4 40
5 4 49
3 2 21
14 9 48
15 14 49
13 12 21
8 7 21
13 14 40
2 7 43
15 10 48
2 1 62
4 9 43
15 39
1 6 43
11 3 22
8 6 58
3 5 100
2 13 63
8 9 40
9 1 37
5 10 43
15 10 48
5 4 49
14 4 74
10 9 49
14 10 10
13 12 21
12 7 48
2 7 43
7 5 51
15 6 99
12 11 62
11 2 70
13 8 48
3 2 21
15 2 31
3 4 40
6 14 4
9 13 42
12 5 9
4 9 43
7 6 62
14 9 48
3 8 43
11 6 48
2 1 62
1 5 37
13 14 40
3 13 73
15 14 49
4 1 93
8 7 21
3 2
2 1 99
3 2 46
3 3
2 1 99
3 1 98
3 2 46
7 21
1 7 27
1 4 10
4 7 45
2 3 62
2 7 88
6 1 72
5 4 80
6 4 83
5 1 40
5 6 2
1 2 74
4 2 18
2 5 50
3 4 51
3 5 85
5 7 7
3 6 57
1 3 4
7 3 84
6 2 10
7 6 6
7 6
5 6 2
2 3 62
1 2 74
7 6 6
3 4 51
5 4 80
7 6
7 6 6
2 3 62
1 2 74
5 4 80
3 4 51
5 6 2
2 1
2 1 78
3 3
1 2 87
3 2 43
3 1 62
3 2
3 2 43
1 2 87
12 25
4 9 12
3 8 50
11 10 43
7 9 45
2 3 31
11 12 31
4 8 3
12 2 76
4 1 45
6 3 45
12 9 53
4 7 33
2 1 43
5 8 33
6 9 33
7 12 41
5 2 45
4 6 59
11 8 53
5 6 31
8 9 31
8 7 43
10 7 53
12 5 65
5 4 43
12 17
5 4 43
6 3 45
8 9 31
2 1 43
11 10 43
12 9 53
11 12 31
5 2 45
4 1 45
5 6 31
10 7 53
2 3 31
8 7 43
5 8 33
4 7 33
11 8 53
6 9 33
12 18
5 6 31
11 10 43
12 9 53
6 3 45
11 12 31
5 8 33
10 7 53
4 1 45
8 2 0
8 7 43
4 7 33
5 2 45
5 4 43
6 9 33
8 9 31
2 3 31
2 1 43
11 8 53
20 32
8 13 24
13 14 64
5 10 29
10 9 94
13 18 0
7 12 24
13 12 85
8 9 64
18 17 85
20 19 94
3 4 64
1 18 58
11 12 37
17 12 0
6 11 24
1 6 29
4 9 29
3 2 85
8 7 85
6 7 37
16 17 37
11 16 0
9 14 24
20 15 0
19 14 0
3 8 29
15 14 94
18 19 64
2 7 29
5 4 94
1 2 37
10 15 24
20 170
17 8 37
18 5 14
1 12 7
20 19 94
13 7 96
9 11 70
2 7 29
13 10 24
12 4 41
5 8 54
11 10 47
8 13 24
19 17 96
6 11 24
20 4 15
11 16 0
5 16 74
11 2 18
20 12 51
8 12 98
11 20 21
3 9 62
4 13 60
6 7 37
3 4 64
4 6 0
18 20 18
18 15 90
9 15 4
3 15 85
6 18 59
10 2 61
19 2 84
14 18 48
6 12 43
8 7 85
7 3 33
7 1 38
14 11 8
15 19 55
16 10 85
16 20 9
2 9 86
13 1 64
7 11 85
9 1 16
6 19 50
11 4 95
14 2 68
6 13 84
11 19 35
9 12 70
20 15 0
13 5 35
3 16 1
8 11 38
20 9 90
16 17 37
18 2 64
12 15 87
15 14 94
4 8 50
5 10 29
13 18 0
7 12 24
19 10 38
3 1 12
5 2 16
7 20 4
15 7 75
4 2 80
10 7 87
16 9 70
17 4 90
9 17 100
19 8 43
7 19 5
1 10 45
20 6 44
11 1 25
5 17 91
14 20 87
16 7 22
13 12 85
10 18 18
14 17 70
19 14 0
4 15 63
4 7 85
3 8 29
11 17 13
18 9 94
15 8 44
8 16 3
1 15 74
20 3 8
15 11 61
14 5 60
18 19 64
16 19 79
16 12 81
3 10 61
16 6 40
9 6 64
15 17 21
5 20 35
12 10 73
16 4 63
4 1 100
7 5 100
9 14 24
18 17 85
3 2 85
11 13 43
20 8 50
19 5 93
12 18 97
10 15 24
8 18 13
12 19 70
19 1 30
4 19 45
2 20 52
7 9 2
2 13 6
14 7 59
7 18 37
12 14 96
3 13 41
12 5 44
18 4 43
5 15 13
14 10 72
20 10 97
8 9 64
13 14 64
3 6 71
17 6 66
4 14 82
3 18 43
4 9 29
10 8 55
16 1 72
16 13 60
9 19 98
9 5 61
6 2 27
11 5 84
17 7 76
17 20 12
1 6 29
19 13 78
5 4 94
8 6 49
4 10 98
14 1 67
3 12 58
6 15 96
2 12 4
17 12 0
1 17 2
1 20 60
11 12 37
10 9 94
14 6 38
18 11 56
13 15 83
1 2 37
10 17 93
16 15 15
20 31
1 2 37
11 16 0
1 6 29
3 2 85
11 12 37
17 12 0
18 19 64
18 17 85
3 8 29
4 9 29
2 7 29
19 14 0
5 10 29
9 14 24
8 7 85
13 14 64
20 19 94
15 14 94
16 17 37
5 4 94
13 12 85
13 18 0
8 9 64
6 11 24
10 15 24
7 12 24
10 9 94
6 7 37
3 4 64
8 13 24
20 15 0
2 1
1 2 39
2 1
1 2 17
21 36
19 12 66
6 13 44
17 16 96
20 19 37
1 8 44
21 14 66
11 10 66
7 14 44
13 14 94
18 17 66
19 18 62
17 10 66
4 3 66
6 7 94
20 13 66
16 9 66
12 11 62
20 21 94
15 20 12
3 2 96
15 8 66
2 9 44
6 5 37
5 4 62
2 1 62
20 6 31
17 12 71
13 12 37
4 11 44
18 11 66
5 12 44
9 8 62
3 10 44
10 9 96
16 15 62
7 4 25
21 32
20 21 94
18 17 66
11 10 66
9 8 62
7 14 44
17 10 66
10 9 96
5 12 44
19 18 62
17 16 96
12 11 62
6 13 44
18 11 66
4 11 44
19 12 66
3 10 44
20 13 66
6 5 37
16 15 62
13 14 94
20 19 37
2 9 44
4 3 66
6 7 94
2 1 62
3 2 96
5 4 62
16 9 66
21 14 66
15 8 66
13 12 37
1 8 44
21 33
18 11 66
9 8 62
4 11 44
7 14 44
10 9 96
4 3 66
20 19 37
5 12 44
2 9 44
17 10 66
6 7 94
19 18 62
11 2 76
3 2 96
18 17 66
6 13 44
12 11 62
11 10 66
5 4 62
13 12 37
6 5 37
17 16 96
20 21 94
3 10 44
19 12 66
16 15 62
15 8 66
21 14 66
13 14 94
20 13 66
1 8 44
2 1 62
16 9 66
4 4
1 3 21
2 4 21
1 2 53
3 4 53
4 5
2 4 21
1 4 77
1 2 53
3 4 53
1 3 21
4 5
2 3 6
1 3 21
2 4 21
1 2 53
3 4 53
12 32
9 2 22
3 11 99
4 7 2
10 9 24
6 7 76
2 3 76
10 1 62
4 8 89
5 2 6
12 10 4
2 1 24
3 7 89
11 7 99
10 11 76
6 1 72
7 8 62
10 6 99
12 3 20
6 5 24
11 12 62
3 1 79
11 6 93
7 5 83
12 8 99
3 4 62
9 5 99
12 9 38
1 5 89
2 6 89
5 4 56
9 4 100
12 1 100
12 18
11 12 62
1 5 89
3 4 62
10 9 24
9 5 99
2 3 76
7 8 62
2 1 24
2 6 89
6 7 76
4 8 89
11 7 99
12 8 99
6 5 24
10 11 76
7 9 88
10 6 99
3 7 89
12 17
11 12 62
2 6 89
2 1 24
6 5 24
11 7 99
4 8 89
9 5 99
2 3 76
10 6 99
3 4 62
12 8 99
10 11 76
10 9 24
7 8 62
6 7 76
1 5 89
3 7 89
20 32
14 3 97
11 6 89
3 8 53
3 4 96
8 9 96
12 11 89
12 7 89
7 6 89
4 9 53
2 7 53
13 12 47
11 16 11
10 9 78
1 6 53
18 17 47
20 19 78
12 17 11
2 1 89
15 10 89
13 18 11
15 14 78
8 7 47
5 10 53
13 14 96
17 16 89
5 4 78
14 9 89
3 2 47
18 19 96
13 8 89
14 19 11
15 20 11
20 31
13 18 11
12 7 89
3 2 47
17 16 89
15 14 78
12 17 11
2 7 53
3 4 96
12 11 89
13 14 96
15 10 89
15 20 11
1 6 53
14 9 89
10 9 78
13 8 89
4 9 53
14 19 11
20 19 78
5 4 78
8 9 96
8 7 47
11 16 11
7 6 89
18 17 47
18 19 96
3 8 53
11 6 89
13 12 47
2 1 89
5 10 53
20 162
5 20 72
4 12 14
11 20 25
11 13 44
10 6 7
20 14 98
13 4 30
17 8 69
7 16 11
15 20 11
6 5 60
13 17 11
19 10 60
5 14 25
8 4 43
5 13 27
2 1 89
20 13 83
11 17 7
4 14 31
17 2 32
7 6 89
19 16 5
7 4 80
13 19 25
9 15 30
12 18 87
16 13 6
4 9 53
2 11 68
19 6 75
13 9 70
10 18 31
11 7 68
8 16 68
6 15 41
6 9 58
20 4 84
2 7 53
19 4 40
13 6 79
11 18 68
4 2 88
2 18 48
17 4 25
14 18 95
19 3 39
3 17 98
11 5 12
5 16 62
8 1 77
9 5 64
13 18 11
10 11 62
16 15 59
17 16 89
19 17 95
19 15 31
14 10 62
15 10 89
2 5 49
12 11 89
6 16 54
17 20 34
10 9 78
7 13 21
11 14 44
18 6 95
5 15 64
9 12 94
1 11 81
5 1 30
7 3 66
3 10 82
10 2 50
17 7 70
15 7 22
20 1 72
5 10 53
8 19 18
5 17 90
18 4 13
16 4 15
19 7 42
18 15 10
20 19 78
5 3 49
3 4 96
11 8 83
3 13 95
10 4 62
11 16 11
1 14 75
3 2 47
2 16 41
15 14 78
7 18 79
5 4 78
18 17 47
3 20 25
5 19 58
12 20 49
10 8 0
9 2 62
8 15 42
3 11 39
16 1 89
7 14 92
8 20 59
11 4 60
12 17 11
9 18 55
9 7 43
14 8 17
20 6 47
2 12 16
7 10 41
9 17 85
13 1 0
10 12 42
3 15 28
7 20 57
17 14 3
16 12 5
5 18 44
1 9 85
20 2 66
13 12 47
14 19 11
9 3 72
18 19 96
3 12 71
10 16 66
14 9 89
18 1 56
12 14 1
9 16 8
13 8 89
18 3 54
2 8 27
11 6 89
15 11 51
16 14 92
12 8 82
16 18 21
6 8 11
1 3 34
1 6 53
12 7 89
1 17 61
3 6 21
20 16 44
9 11 75
9 20 0
3 8 53
2 13 23
19 2 23
8 7 47
13 14 96
8 9 96
18 20 62
11 19 72
5 9
2 1 47
4 2 98
1 5 6
4 5 45
5 2 20
3 2 24
3 1 18
5 3 21
3 4 16
5 4
2 1 47
3 4 16
3 2 24
4 5 45
5 4
3 2 24
4 5 45
3 4 16
2 1 47
3 3
2 1 2
2 3 8
1 3 6
5 5
1 3 9
2 5 9
4 2 4
3 4 6
3 5 19
5 6
3 5 19
2 5 9
4 2 4
3 4 6
1 3 9
1 2 12
5 8
4 2 4
2 5 9
3 5 19
1 5 30
1 3 9
3 4 6
4 5 71
1 4 62
6 15
6 4 3
6 1 2
1 4 1
1 3 3
2 6 1
5 1 8
2 1 3
2 4 4
5 3 11
5 6 6
6 3 5
5 2 5
5 4 9
2 3 6
4 3 2
3 3
2 1 10
3 1 6
2 3 4
4 6
3 2 9
1 2 3
3 1 6
4 2 9
4 3 0
4 1 6
7 13
6 5 10
6 4 0
2 7 8
2 1 2
4 1 10
5 7 6
4 5 90
6 1 10
1 7 6
5 1 0
3 1 3
6 3 7
4 7 16
7 12
4 7 16
6 4 0
6 1 10
6 3 7
5 1 0
2 1 2
2 7 8
5 7 6
3 1 3
4 1 10
1 7 6
6 5 10
7 15
3 1 3
4 1 10
2 7 8
2 4 43
6 7 31
6 5 10
4 7 16
6 4 0
6 3 7
6 1 10
1 7 6
2 1 2
5 1 0
3 4 93
5 7 6
5 9
1 3 5
4 2 7
1 5 7
4 3 3
1 2 9
2 3 88
4 5 5
1 4 2
5 2 2
5 9
1 2 9
4 5 5
4 2 7
5 2 2
1 5 7
3 5 23
1 4 2
1 3 5
4 3 3
5 8
1 5 7
4 5 5
5 2 2
1 2 9
1 3 5
4 3 3
4 2 7
1 4 2
6 11
5 1 1
3 6 6
1 2 4
6 2 5
3 1 7
4 1 3
5 2 91
6 4 56
5 6 0
3 4 4
6 1 1
6 10
2 3 32
5 6 0
3 1 7
5 1 1
6 1 1
3 4 4
1 2 4
4 1 3
3 6 6
6 2 5
6 9
1 2 4
3 4 4
4 1 3
5 6 0
3 1 7
3 6 6
6 2 5
6 1 1
5 1 1
3 3
1 2 9
1 3 19
2 3 10
4 5
2 1 9
2 3 3
4 1 9
3 1 6
4 2 0
4 6
4 2 0
3 4 63
2 1 9
4 1 9
2 3 3
3 1 6
5 9
4 1 7
3 5 9
2 4 1
4 3 5
2 5 15
2 3 6
3 1 2
2 1 8
1 5 7
5 10
2 4 1
2 3 6
2 5 15
4 3 5
2 1 8
1 5 7
4 1 7
4 5 78
3 5 9
3 1 2
6 8
4 1 7
6 1 7
3 4 9
2 4 16
5 3 0
5 6 9
4 6 0
2 5 7
6 15
5 6 9
5 3 0
6 1 7
4 6 0
2 5 7
2 1 74
3 4 9
6 3 55
3 2 85
1 3 50
5 1 33
2 6 37
5 4 8
4 1 7
2 4 16
6 8
3 4 9
6 1 7
4 6 0
5 6 9
2 5 7
5 3 0
4 1 7
2 4 16
6 14
5 3 3
6 4 7
2 1 1
2 3 1
4 1 2
6 1 9
1 3 0
6 5 6
4 3 2
5 2 2
6 3 9
6 2 8
5 1 3
4 2 1
6 15
5 1 3
6 5 6
2 1 1
6 1 9
6 4 7
2 3 1
5 3 3
5 2 2
4 3 2
4 2 1
4 5 26
4 1 2
6 3 9
1 3 0
6 2 8
4 6
3 1 1
4 1 6
1 2 0
3 2 1
3 4 32
4 2 6
4 5
4 2 6
3 2 1
4 1 6
3 1 1
1 2 0
7 18
1 4 2
2 4 4
1 3 8
6 4 48
2 3 10
7 1 6
6 2 7
6 5 4
7 2 4
2 1 2
5 1 5
6 7 3
6 1 9
5 4 7
4 3 6
7 3 14
7 5 1
5 2 3
7 17
5 1 5
6 5 4
2 4 4
2 3 10
7 2 4
6 1 9
4 3 6
5 4 7
1 3 8
7 3 14
7 1 6
5 2 3
7 5 1
6 2 7
6 7 3
2 1 2
1 4 2
7 20
4 3 6
5 4 7
6 2 7
7 1 6
1 4 2
7 4 97
2 1 2
6 7 3
7 3 14
2 3 10
5 1 5
7 5 1
6 5 4
6 1 9
3 6 79
5 2 3
7 2 4
1 3 8
5 3 71
2 4 4
7 17
3 7 6
3 6 5
2 5 7
1 6 10
2 6 8
3 5 4
2 4 16
7 4 7
6 4 8
2 3 3
5 6 1
5 7 2
1 2 2
1 4 18
3 4 13
1 3 5
1 5 9
7 19
3 4 13
7 2 66
1 6 10
2 5 7
3 5 4
1 3 5
5 6 1
2 3 3
7 4 7
4 5 17
3 7 6
1 4 18
6 4 8
2 6 8
5 7 2
1 5 9
3 6 5
1 2 2
2 4 16
7 17
2 4 16
1 4 18
1 5 9
1 6 10
3 6 5
7 4 7
6 4 8
1 2 2
2 3 3
5 6 1
1 3 5
3 5 4
3 4 13
2 5 7
3 7 6
5 7 2
2 6 8
47 968
34 31 72
6 17 7
16 17 24
39 20 74
13 40 20
16 31 76
32 9 99
33 7 34
16 45 75
36 19 33
14 17 11
38 40 18
18 7 13
44 31 45
20 43 85
4 16 9
15 44 1
17 1 13
30 10 23
38 5 45
24 31 3
35 2 95
16 12 82
42 12 2
37 1 2
34 30 41
8 23 37
27 38 24
12 9 11
1 18 40
20 36 11
26 19 1
38 30 89
8 36 12
8 17 13
42 23 42
14 40 24
8 7 61
25 40 43
11 26 13
38 41 30
36 23 25
30 11 66
47 43 54
30 4 16
34 40 41
41 16 11
44 5 77
1 33 19
29 32 0
14 8 82
21 4 78
33 9 10
42 14 50
13 9 91
29 9 34
34 1 35
3 10 17
43 14 40
41 10 4
45 19 22
37 21 60
27 10 28
18 46 39
29 21 56
35 47 59
44 13 30
43 44 14
39 40 66
8 31 21
15 31 10
9 26 36
36 24 6
20 23 36
44 1 3
14 6 73
25 10 12
32 22 6
19 39 13
40 11 5
13 29 46
4 5 60
39 32 1
25 47 40
8 16 2
13 39 0
1 4 14
17 21 24
34 36 4
46 10 27
34 43 63
15 20 25
15 21 62
3 23 31
33 20 3
25 41 8
17 40 88
1 20 74
3 17 7
34 35 72
33 38 10
41 33 7
35 30 22
30 37 15
14 9 6
24 11 13
36 33 31
14 24 16
22 9 28
31 23 16
36 17 7
5 39 5
10 9 13
38 26 36
1 8 21
20 26 43
27 33 65
40 29 29
5 1 19
43 33 86
15 28 46
38 17 5
10 21 42
4 2 83
20 14 3
35 10 31
25 16 19
2 7 40
9 19 37
12 8 3
16 35 16
35 8 36
22 18 39
41 31 42
27 3 90
35 24 54
12 21 40
22 39 78
31 42 77
16 15 8
27 16 18
22 43 70
20 31 20
28 16 35
30 23 51
12 23 40
28 8 33
33 26 46
1 45 44
46 43 27
44 4 17
11 46 49
33 28 36
25 18 22
36 11 10
8 37 100
20 34 7
47 1 22
40 28 96
38 24 65
40 46 11
18 45 4
2 12 5
42 39 63
12 14 5
22 33 18
30 17 27
2 6 14
33 47 54
38 46 29
21 5 16
33 17 2
32 23 63
8 26 44
44 40 50
12 32 60
21 39 21
38 25 94
38 11 23
43 5 91
22 10 15
22 27 4
16 18 59
29 41 17
37 23 60
42 26 49
16 26 77
6 45 17
43 1 17
26 6 31
35 18 55
16 23 35
9 21 85
39 35 11
6 21 31
14 26 68
22 19 65
26 1 25
37 25 6
22 46 57
9 39 89
44 26 68
15 30 11
17 11 18
27 19 61
35 42 31
10 5 58
17 47 10
1 13 27
41 18 28
42 21 42
28 20 24
29 46 63
43 42 33
11 42 23
29 5 79
33 30 94
34 2 76
15 24 43
35 17 49
35 38 44
10 19 50
24 34 80
44 27 34
36 31 9
12 6 9
22 34 84
30 2 6
33 16 4
31 13 0
35 37 13
2 13 14
21 14 99
21 25 82
34 17 5
15 33 23
15 2 17
18 40 7
8 24 25
40 20 90
12 18 22
44 16 26
14 2 47
14 46 35
6 46 85
6 31 15
11 34 0
17 26 31
15 6 31
42 8 5
8 38 8
11 23 6
41 11 40
26 36 5
37 3 29
23 15 48
43 36 50
16 6 76
16 46 35
34 29 7
37 34 31
1 30 7
19 5 8
28 19 78
44 35 44
45 39 53
47 5 30
12 24 21
16 20 30
35 40 62
41 26 53
22 16 22
22 5 73
1 46 58
4 17 20
15 41 16
28 12 30
14 19 43
3 31 15
8 43 65
47 11 8
25 33 15
35 4 49
38 36 36
44 14 26
32 16 28
23 29 50
10 1 64
42 24 23
29 11 57
43 35 2
35 32 10
6 40 20
47 20 38
9 20 87
19 41 72
28 26 40
32 38 34
25 46 54
42 40 31
27 7 14
36 12 66
45 46 14
31 26 23
40 26 51
15 4 18
21 44 26
42 20 6
13 3 0
37 26 67
25 26 61
9 40 18
26 39 65
44 23 40
40 4 0
7 5 21
1 11 50
8 45 23
34 19 28
6 36 6
44 30 10
27 12 13
34 23 29
35 5 89
47 40 3
25 11 48
15 7 6
41 20 10
41 46 18
45 23 14
47 2 21
14 16 0
37 18 42
35 3 7
14 23 35
14 30 78
39 25 24
42 17 100
35 12 33
25 4 10
44 46 61
37 20 24
1 12 18
8 20 45
16 13 21
29 37 3
15 34 58
16 9 6
28 25 16
34 46 29
28 4 26
24 2 32
6 24 12
17 43 79
25 31 38
30 41 5
44 17 37
6 9 2
28 37 10
15 19 90
43 37 15
18 42 69
38 45 5
37 40 49
34 41 95
43 21 75
22 36 32
14 38 6
1 38 29
4 7 39
30 36 26
20 46 36
29 31 86
1 3 27
18 21 18
2 17 21
22 25 3
7 30 69
14 7 30
30 45 75
32 10 21
22 44 85
9 2 28
29 1 5
12 33 90
42 25 76
24 45 5
4 11 38
25 36 29
44 7 56
43 13 44
28 2 25
47 26 21
38 19 3
5 32 51
41 28 41
4 12 4
35 22 73
10 43 33
28 17 46
16 38 54
12 5 85
2 19 53
12 29 71
47 3 68
41 14 11
18 28 43
1 40 47
17 29 95
17 7 3
10 16 7
3 18 31
35 33 79
6 25 54
11 7 34
12 38 11
47 12 2
25 2 9
29 30 12
23 5 16
37 14 25
15 32 24
23 35 99
4 36 19
44 36 36
3 34 57
45 21 14
13 26 38
42 6 35
20 17 5
22 6 26
28 3 39
13 23 31
10 39 8
41 7 27
11 19 14
24 43 60
33 6 8
32 46 62
30 13 79
26 18 70
44 38 32
32 47 49
1 25 4
43 12 35
15 37 2
8 6 6
41 12 13
15 45 48
33 14 4
44 34 32
27 40 69
5 30 93
42 32 24
32 7 58
43 16 40
41 2 1
13 45 49
27 20 17
39 38 88
34 25 99
21 31 27
23 10 6
13 11 25
29 45 82
14 11 29
25 7 49
27 34 24
11 8 37
23 28 67
4 6 13
18 24 96
17 5 40
27 39 74
32 44 2
25 44 8
21 24 67
32 13 32
42 7 88
8 47 24
2 18 27
1 14 22
17 12 90
12 25 100
25 9 25
42 36 75
40 5 27
12 11 34
13 21 31
18 13 58
8 13 47
45 47 93
33 18 89
23 1 82
31 30 93
29 42 96
30 19 59
44 6 19
23 22 21
5 27 56
9 11 23
35 6 49
30 21 72
12 3 9
15 5 78
29 25 9
45 40 3
4 45 30
8 39 58
34 10 71
9 5 45
31 27 56
29 4 19
15 27 9
22 17 33
6 32 75
43 26 82
9 23 29
32 45 97
21 16 43
31 46 66
8 9 8
34 7 24
27 41 88
28 34 41
17 24 5
10 47 28
35 45 92
28 36 45
9 36 4
3 40 20
15 22 5
27 21 13
3 32 64
10 36 17
17 39 45
43 39 39
34 21 29
18 44 95
14 47 88
27 4 9
9 46 29
14 13 4
45 12 36
3 7 26
1 41 12
3 14 53
37 36 35
38 18 19
39 11 99
14 36 10
33 39 60
10 40 10
38 31 13
37 7 56
46 19 8
27 37 57
32 4 79
17 19 32
24 26 26
1 6 27
24 40 8
3 11 25
22 40 46
26 30 78
34 8 68
7 23 86
25 27 1
42 1 84
3 41 48
1 27 5
15 18 71
1 21 76
3 39 52
46 26 7
6 11 18
28 42 28
8 44 24
37 17 30
22 7 52
16 5 51
13 7 26
6 34 2
15 12 32
1 2 13
47 19 22
29 47 87
35 19 81
15 10 20
10 20 6
37 22 3
22 38 89
35 25 19
18 31 2
37 12 20
10 33 3
32 17 18
18 47 4
15 38 33
3 24 12
9 31 13
46 5 16
32 24 44
8 19 45
14 39 56
5 37 79
27 9 24
15 36 37
37 33 21
33 4 9
42 10 0
35 28 40
42 34 13
45 27 43
42 27 82
19 4 23
9 43 82
2 20 46
43 31 59
18 19 26
14 28 44
17 23 24
47 44 53
44 11 30
20 22 48
41 13 15
32 21 30
6 29 4
9 35 49
33 31 23
42 46 42
31 45 66
24 39 40
34 26 36
22 45 43
20 6 27
42 9 10
8 18 19
1 39 79
27 18 35
10 24 23
42 13 11
37 46 0
46 30 0
27 47 39
13 34 2
44 3 44
9 47 10
31 10 57
15 26 26
30 40 40
28 29 7
12 39 61
30 8 14
17 46 24
1 22 1
29 44 2
29 18 45
32 11 57
22 2 12
47 24 99
31 11 10
28 47 90
4 42 2
24 37 77
45 28 94
22 8 20
29 22 6
28 31 54
12 26 47
37 41 75
22 30 6
32 25 9
22 12 97
41 9 17
37 10 98
37 38 36
45 3 9
37 31 44
13 6 0
22 31 41
35 41 27
28 39 91
11 5 22
17 31 8
8 46 37
31 47 2
12 46 40
35 27 69
20 11 42
2 44 37
24 29 22
6 47 17
2 16 10
35 31 87
35 1 73
12 19 48
47 30 85
10 38 13
43 11 39
13 37 15
27 26 60
22 26 5
10 7 37
43 38 46
37 45 10
2 11 39
12 31 26
45 2 53
28 9 41
47 7 9
2 8 8
43 4 9
16 3 4
33 5 55
20 32 76
9 17 5
4 34 15
18 6 64
18 43 0
44 19 70
2 40 34
34 38 0
27 30 2
12 20 4
46 39 21
13 35 36
14 31 19
32 1 5
30 16 54
36 47 11
43 28 5
24 41 71
28 24 51
34 45 57
13 24 12
23 26 7
29 26 70
27 8 16
16 36 10
11 10 36
3 19 93
15 13 74
44 12 21
20 13 5
32 14 28
22 47 43
29 15 25
27 13 86
46 21 0
36 41 22
8 3 6
41 32 56
3 2 69
27 17 29
17 15 94
44 37 1
9 18 11
29 2 18
45 7 9
37 16 33
15 8 25
33 46 39
24 46 19
31 7 11
20 3 5
23 19 8
30 25 26
31 19 24
9 24 10
24 19 93
4 23 44
34 9 0
35 14 38
37 2 15
45 5 30
16 19 42
26 5 9
22 3 26
14 34 6
12 13 85
36 45 11
19 37 89
7 6 44
37 6 24
35 21 37
25 15 4
42 45 28
46 3 75
32 34 32
26 4 32
42 38 13
18 4 65
33 23 31
40 23 0
1 19 66
15 40 51
44 42 19
3 21 31
41 45 32
18 23 18
45 14 13
9 38 0
23 6 72
20 19 62
28 13 39
43 7 78
13 36 6
9 15 100
24 4 46
10 18 24
13 47 55
8 5 53
44 9 32
25 20 18
37 47 46
30 3 20
22 13 26
33 3 8
36 46 25
46 15 14
25 23 81
2 23 42
22 41 11
1 36 33
30 39 72
41 40 67
1 31 42
2 5 61
14 18 17
21 26 7
32 31 47
21 23 0
43 30 24
33 34 10
47 46 14
15 11 56
37 9 31
45 26 21
40 7 6
25 24 83
2 42 3
24 7 14
33 40 28
6 39 96
4 10 2
20 5 52
13 19 39
33 45 25
35 36 23
33 24 20
2 36 20
17 18 6
3 29 1
33 8 2
36 5 41
41 21 19
16 39 56
4 14 9
24 23 19
27 46 53
43 40 64
17 25 70
3 5 47
41 8 9
44 20 84
1 7 53
25 43 74
16 11 34
27 2 8
29 8 26
36 21 25
35 20 37
32 19 71
25 13 23
42 3 36
4 46 21
10 8 5
24 16 61
28 7 81
41 47 34
11 27 43
2 38 33
28 27 53
42 41 76
43 15 13
4 47 30
40 19 100
27 6 22
8 40 26
11 21 16
23 39 78
4 31 97
30 6 20
4 39 65
10 17 18
2 39 66
20 7 100
28 11 32
16 1 85
32 37 94
36 18 7
47 23 14
15 1 4
44 45 33
10 6 11
43 6 44
20 18 18
7 19 76
42 47 28
45 11 8
7 46 5
18 11 12
7 21 5
30 12 11
44 33 81
22 14 22
24 20 63
25 5 78
29 16 28
7 12 60
9 45 15
20 21 71
3 6 0
36 7 20
31 39 74
27 24 34
15 39 83
29 20 27
32 36 11
10 44 66
29 7 58
32 27 10
32 26 70
43 29 7
7 39 26
3 38 1
16 42 69
29 27 10
14 29 32
1 24 96
8 32 47
27 14 18
29 10 21
32 30 12
28 32 9
43 27 81
1 28 83
18 39 1
40 21 36
41 17 22
4 9 50
15 42 88
43 41 29
38 47 15
28 46 70
6 41 95
38 6 55
7 26 12
22 11 51
35 15 11
33 32 71
28 22 13
22 21 57
21 19 8
40 36 16
30 24 32
43 32 34
47 587
40 7 6
36 19 33
44 31 45
2 16 10
12 6 9
17 19 32
35 15 11
13 24 12
15 1 4
37 31 44
25 31 38
22 40 46
29 16 28
27 14 18
8 18 19
15 38 33
27 8 16
4 10 2
47 26 21
10 47 28
15 24 43
22 7 52
23 5 16
20 31 20
28 2 25
25 10 12
13 40 20
15 44 1
14 11 29
12 38 11
28 22 13
35 38 44
28 42 28
9 24 10
30 12 11
31 19 24
20 5 52
42 23 42
9 45 15
37 34 31
43 6 44
20 36 11
18 45 4
44 12 21
9 36 4
47 5 30
36 21 25
38 40 18
9 11 23
6 40 20
36 5 41
4 14 9
41 26 53
44 16 26
22 39 78
15 2 17
32 13 32
17 11 18
35 17 49
22 41 11
14 39 56
13 11 25
10 24 23
9 46 29
12 20 4
33 14 4
4 6 13
43 30 24
8 19 45
2 36 20
40 5 27
3 6 0
6 31 15
1 46 58
29 1 5
36 47 11
17 26 31
37 20 24
13 34 2
47 19 22
41 17 22
24 31 3
16 36 10
41 13 15
44 30 10
36 31 9
9 18 11
14 13 4
9 26 36
30 24 32
18 21 18
9 17 5
25 11 48
15 41 16
38 17 5
14 18 17
32 30 12
10 5 58
45 11 8
22 46 57
18 40 7
12 24 21
35 19 81
17 21 24
26 5 9
30 39 72
14 9 6
10 7 37
18 7 13
43 14 40
9 5 45
14 24 16
10 17 18
41 16 11
37 14 25
44 46 61
25 40 43
44 40 50
30 3 20
30 19 59
20 46 36
23 19 8
24 23 19
10 19 50
44 42 19
11 23 6
29 11 57
1 25 4
43 15 13
41 33 7
2 5 61
12 3 9
20 23 36
27 26 60
29 7 58
32 31 47
21 19 8
22 18 39
8 46 37
31 47 2
1 38 29
33 40 28
42 26 49
32 24 44
28 17 46
28 39 91
8 17 13
35 47 59
22 11 51
7 39 26
28 36 45
15 36 37
24 46 19
14 46 35
43 44 14
30 2 6
35 32 10
22 30 6
1 27 5
15 21 62
12 23 40
15 39 83
1 22 1
10 20 6
25 2 9
33 5 55
12 39 61
2 17 21
42 24 23
35 8 36
25 46 54
43 31 59
32 23 63
40 11 5
27 20 17
35 25 19
42 38 13
34 21 29
17 23 24
14 40 24
8 40 26
22 17 33
27 39 74
5 39 5
1 36 33
23 26 7
16 46 35
41 8 9
17 47 10
41 10 4
38 46 29
12 11 34
32 11 57
22 3 26
15 37 2
3 31 15
10 9 13
30 6 20
29 22 6
6 9 2
1 19 66
43 13 44
25 13 23
33 6 8
37 23 60
21 5 16
37 25 6
41 14 11
44 26 68
33 9 10
40 46 11
15 4 18
8 45 23
44 37 1
13 7 26
18 47 4
2 6 14
37 36 35
42 8 5
28 12 30
12 19 48
29 9 34
32 47 49
1 3 27
2 12 5
35 10 31
31 11 10
4 7 39
28 37 10
25 33 15
6 21 31
33 38 10
12 26 47
1 13 27
29 2 18
4 42 2
44 34 32
34 9 0
41 18 28
28 3 39
3 40 20
16 9 6
15 10 20
36 23 25
38 26 36
28 13 39
8 38 8
21 26 7
6 17 7
33 39 60
20 26 43
25 47 40
38 31 13
3 11 25
12 8 3
13 26 38
25 4 10
22 5 73
30 17 27
14 34 6
8 3 6
2 11 39
10 38 13
4 39 65
8 26 44
25 7 49
28 25 16
46 26 7
33 46 39
34 26 36
28 19 78
20 34 7
44 9 32
14 7 30
25 36 29
28 29 7
25 20 18
33 24 20
36 24 6
3 7 26
33 7 34
29 37 3
36 45 11
6 24 12
3 39 52
32 44 2
45 7 9
2 8 8
33 45 25
43 1 17
25 9 25
29 26 70
20 18 18
13 19 39
2 19 53
29 25 9
14 17 11
27 16 18
28 31 54
1 6 27
7 46 5
36 7 20
31 7 11
47 23 14
28 46 70
43 40 64
37 3 29
28 24 51
16 3 4
6 47 17
14 19 43
13 3 0
18 11 12
33 26 46
27 24 34
34 46 29
27 34 24
43 41 29
12 14 5
25 27 1
45 21 14
42 10 0
19 39 13
42 21 42
42 47 28
24 26 26
6 34 2
32 14 28
10 21 42
45 26 21
1 8 21
35 30 22
19 5 8
35 42 31
27 19 61
8 6 6
29 18 45
15 33 23
26 19 1
47 7 9
31 26 23
30 41 5
1 2 13
14 16 0
3 23 31
38 5 45
32 1 5
8 16 2
37 26 67
27 18 35
16 23 35
42 13 11
1 7 53
9 38 0
3 5 47
22 9 28
14 38 6
17 18 6
37 22 3
29 10 21
41 45 32
15 27 9
30 36 26
20 13 5
12 18 22
3 17 7
2 13 14
35 14 38
15 5 78
27 47 39
6 45 17
8 39 58
29 20 27
44 17 37
35 18 55
37 40 49
4 5 60
28 9 41
37 47 46
24 7 14
22 16 22
16 5 51
4 11 38
10 16 7
33 16 4
37 33 21
1 41 12
42 46 42
25 16 19
3 24 12
32 25 9
46 21 0
15 40 51
25 41 8
44 38 32
29 46 63
29 30 12
44 7 56
9 23 29
12 21 40
18 19 26
37 18 42
42 20 6
22 27 4
24 39 40
27 30 2
30 8 14
6 36 6
32 26 70
15 6 31
1 12 18
22 8 20
12 9 11
10 18 24
22 33 18
43 26 82
24 45 5
42 12 2
22 31 41
34 23 29
27 9 24
1 45 44
29 8 26
29 5 79
35 5 89
41 11 40
29 41 17
32 10 21
7 5 21
4 34 15
34 38 0
43 37 15
45 5 30
37 12 20
12 46 40
27 12 13
17 24 5
45 40 3
44 14 26
7 21 5
17 31 8
43 35 2
38 47 15
44 4 17
16 39 56
9 40 18
11 19 14
44 36 36
36 18 7
14 31 19
2 39 66
4 36 19
29 4 19
32 16 28
28 16 35
8 23 37
28 34 41
7 26 12
43 5 91
28 4 26
8 36 12
13 23 31
35 40 62
14 23 35
22 10 15
8 5 53
35 41 27
22 6 26
45 19 22
42 40 31
43 16 40
22 2 12
34 7 24
30 23 51
1 40 47
8 9 8
21 23 0
29 27 10
4 45 30
22 13 26
37 2 15
47 40 3
10 8 5
37 21 60
4 16 9
4 17 20
33 8 2
30 40 40
10 6 11
35 12 33
9 19 37
44 1 3
47 11 8
43 12 35
15 8 25
29 44 2
45 46 14
21 39 21
2 40 34
46 5 16
15 45 48
32 19 71
8 31 21
11 5 22
13 21 31
42 45 28
47 46 14
17 46 24
46 39 21
17 39 45
32 7 58
29 32 0
24 40 8
33 3 8
22 45 43
4 12 4
17 5 40
22 47 43
37 9 31
46 19 8
35 37 13
33 34 10
43 36 50
32 22 6
22 25 3
36 46 25
37 1 2
41 9 17
41 2 1
43 21 75
1 39 79
13 36 6
24 11 13
15 11 56
22 14 22
27 6 22
45 23 14
13 6 0
42 34 13
22 21 57
20 3 5
10 36 17
10 33 3
28 8 33
43 38 46
2 42 3
9 31 13
14 36 10
34 36 4
1 31 42
18 31 2
11 26 13
15 30 11
1 18 40
27 46 53
44 13 30
27 4 9
27 17 29
43 42 33
22 36 32
15 22 5
32 38 34
27 2 8
34 17 5
32 27 10
4 47 30
33 31 23
42 39 63
25 26 61
1 30 7
18 23 18
31 23 16
44 5 77
35 20 37
33 20 3
1 4 14
38 11 23
27 38 24
1 33 19
43 28 5
2 18 27
2 7 40
4 23 44
22 19 65
41 20 10
3 21 31
35 24 54
47 588
32 19 71
35 41 27
33 34 10
28 19 78
18 19 26
8 46 37
18 47 4
23 19 8
32 1 5
6 9 2
42 34 13
21 19 8
1 40 47
32 44 2
3 17 7
32 13 32
24 26 26
8 36 12
14 9 6
28 42 28
16 3 4
22 30 6
14 19 43
27 12 13
3 11 25
16 5 51
25 9 25
2 19 53
28 2 25
28 46 70
10 8 5
10 36 17
36 45 11
13 7 26
37 9 31
25 41 8
24 46 19
27 6 22
28 17 46
36 24 6
10 7 37
35 19 81
22 33 18
15 10 20
1 7 53
10 33 3
6 45 17
45 5 30
40 7 6
1 30 7
29 22 6
41 16 11
15 38 33
4 17 20
27 9 24
8 45 23
37 12 20
27 30 2
16 36 10
21 5 16
11 19 14
3 21 31
20 13 5
4 36 19
43 44 14
22 45 43
15 1 4
18 11 12
35 5 89
34 17 5
18 45 4
6 36 6
35 30 22
32 30 12
18 31 2
22 5 73
43 41 29
14 39 56
28 8 33
35 18 55
40 5 27
17 23 24
27 17 29
9 46 29
33 40 28
1 3 27
11 23 6
44 17 37
24 11 13
24 45 5
1 46 58
10 17 18
13 6 0
44 42 19
45 21 14
30 36 26
8 16 2
10 6 11
8 39 58
36 5 41
9 38 0
15 24 43
33 24 20
14 36 10
2 39 66
8 40 26
29 37 3
3 23 31
47 46 14
33 46 39
4 42 2
43 37 15
43 1 17
42 40 31
29 9 34
27 16 18
44 30 10
14 40 24
12 11 34
4 12 4
33 20 3
15 41 16
9 17 5
1 39 79
25 46 54
11 5 22
25 16 19
29 30 12
22 39 78
23 5 16
43 13 44
44 16 26
22 47 43
29 26 70
22 13 26
9 5 45
14 7 30
42 23 42
15 37 2
22 14 22
38 31 13
20 23 36
15 45 48
34 7 24
33 26 46
31 11 10
41 9 17
27 18 35
32 24 44
42 12 2
25 27 1
1 45 44
26 5 9
25 47 40
2 40 34
41 14 11
34 46 29
20 26 43
4 6 13
32 23 63
12 46 40
38 17 5
15 44 1
37 25 6
44 1 3
34 26 36
41 10 4
43 31 59
12 9 11
12 26 47
12 6 9
15 8 25
38 11 23
22 10 15
47 7 9
8 6 6
30 12 11
42 39 63
42 45 28
22 3 26
42 13 11
4 10 2
15 21 62
3 40 20
9 19 37
37 40 49
36 7 20
33 39 60
14 23 35
29 7 58
34 21 29
13 34 2
22 7 52
13 36 6
11 26 13
46 5 16
28 16 35
28 4 26
35 15 11
38 40 18
37 26 67
41 45 32
12 38 11
29 5 79
14 11 29
43 15 13
46 19 8
47 26 21
44 5 77
1 13 27
30 23 51
30 3 20
30 8 14
8 3 6
37 47 46
21 26 7
30 39 72
10 24 23
15 5 78
41 2 1
2 16 10
36 31 9
18 40 7
22 27 4
37 31 44
29 46 63
37 34 31
20 36 11
33 31 23
12 18 22
4 34 15
45 46 14
20 5 52
18 21 18
21 39 21
17 18 6
4 5 60
28 34 41
9 40 18
27 20 17
14 38 6
33 7 34
8 19 45
16 39 56
22 21 57
31 19 24
8 26 44
22 11 51
14 46 35
43 6 44
22 46 57
20 31 20
1 38 29
15 39 83
32 10 21
33 16 4
25 40 43
16 23 35
37 23 60
35 40 62
35 42 31
36 47 11
2 7 40
32 22 6
42 20 6
29 41 17
35 37 13
25 7 49
2 11 39
22 19 65
28 3 39
9 45 15
31 26 23
12 3 9
27 26 60
16 9 6
44 14 26
28 31 54
10 21 42
35 25 19
42 26 49
42 21 42
35 24 54
45 23 14
17 47 10
32 7 58
38 26 36
22 36 32
30 19 59
31 7 11
2 18 27
19 39 13
44 40 50
1 6 27
3 5 47
16 46 35
14 34 6
27 4 9
44 46 61
28 36 45
9 18 11
1 27 5
43 16 40
25 20 18
7 39 26
25 33 15
22 9 28
28 25 16
29 11 57
15 33 23
6 21 31
2 42 3
10 9 13
10 20 6
27 34 24
21 23 0
13 24 12
47 23 14
12 21 40
43 30 24
37 2 15
43 36 50
15 22 5
1 2 13
1 18 40
22 16 22
22 8 20
1 12 18
4 45 30
26 19 1
47 5 30
43 14 40
41 20 10
25 4 10
45 26 21
3 31 15
43 40 64
2 5 61
27 24 34
22 31 41
41 17 22
4 39 65
12 14 5
29 8 26
42 46 42
17 46 24
32 26 70
42 10 0
6 31 15
17 19 32
37 18 42
13 21 31
10 47 28
45 40 3
35 38 44
9 11 23
25 36 29
32 14 28
3 39 52
43 5 91
32 25 9
32 38 34
6 40 20
3 6 0
8 23 37
32 16 28
5 39 5
7 21 5
33 45 25
13 3 0
38 47 15
29 44 2
32 11 57
33 14 4
24 39 40
33 3 8
25 10 12
30 17 27
3 24 12
29 1 5
44 12 21
36 23 25
23 26 7
30 6 20
29 32 0
47 11 8
14 18 17
17 11 18
15 40 51
29 16 28
4 23 44
28 39 91
14 31 19
33 5 55
29 20 27
44 31 45
44 4 17
9 26 36
43 38 46
20 3 5
15 27 9
27 19 61
14 24 16
4 14 9
28 9 41
43 42 33
24 31 3
4 37 64
41 18 28
15 11 56
6 34 2
37 22 3
35 12 33
38 5 45
2 13 14
2 6 14
30 24 32
12 19 48
43 26 82
15 2 17
4 47 30
29 10 21
2 8 8
2 12 5
31 23 16
9 23 29
35 20 37
36 18 7
1 25 4
28 37 10
7 46 5
3 7 26
32 27 10
4 11 38
8 17 13
37 20 24
10 18 24
34 23 29
12 24 21
35 8 36
1 4 14
10 16 7
34 9 0
15 30 11
1 31 42
29 27 10
37 21 60
20 46 36
28 22 13
1 8 21
15 36 37
42 38 13
20 18 18
28 12 30
46 26 7
33 38 10
4 7 39
13 40 20
37 3 29
44 34 32
22 18 39
10 5 58
35 14 38
25 31 38
17 26 31
17 5 40
33 9 10
45 11 8
37 33 21
17 21 24
17 39 45
33 6 8
27 14 18
27 38 24
20 34 7
18 7 13
22 40 46
27 2 8
35 47 59
29 4 19
14 17 11
7 26 12
22 2 12
8 18 19
35 10 31
13 11 25
17 24 5
7 5 21
8 38 8
44 13 30
29 25 9
43 35 2
44 9 32
19 5 8
6 24 12
35 32 10
8 9 8
34 36 4
27 46 53
15 4 18
30 40 40
13 19 39
41 11 40
34 38 0
9 36 4
25 11 48
1 33 19
25 26 61
42 8 5
1 41 12
24 7 14
41 8 9
22 25 3
14 13 4
30 2 6
41 13 15
17 31 8
42 47 28
36 46 25
28 29 7
37 1 2
45 19 22
6 47 17
10 19 50
45 7 9
36 19 33
1 22 1
47 19 22
40 46 11
12 20 4
44 37 1
13 26 38
32 47 49
27 8 16
44 26 68
9 24 10
44 38 32
27 39 74
32 31 47
43 21 75
41 26 53
10 38 13
25 13 23
8 5 53
13 23 31
29 2 18
43 12 35
29 18 45
2 36 20
22 6 26
25 2 9
47 40 3
42 24 23
18 23 18
27 47 39
8 31 21
38 46 29
37 14 25
24 23 19
33 8 2
43 28 5
30 41 5
22 17 33
41 33 7
28 24 51
22 41 11
24 40 8
14 16 0
4 16 9
6 17 7
37 36 35
40 11 5
31 47 2
1 19 66
46 39 21
44 7 56
12 23 40
36 21 25
1 36 33
12 39 61
9 31 13
44 36 36
46 21 0
2 17 21
35 17 49
12 8 3
15 6 31
28 13 39
32 496
15 24 5
17 32 16
9 23 16
25 6 5
28 3 10
12 30 12
16 8 7
1 4 21
16 20 9
9 32 25
1 8 15
28 21 8
15 14 10
31 2 2
10 7 1
6 2 18
5 7 24
23 4 2
5 27 1
12 10 9
5 11 12
6 21 8
11 26 7
28 31 16
12 26 5
18 32 7
25 8 17
16 14 23
5 13 21
11 24 16
22 7 14
8 18 6
3 18 8
3 31 6
25 30 26
6 16 5
23 24 7
29 22 7
15 32 7
18 10 0
27 26 18
8 20 2
17 15 9
11 12 2
22 2 13
25 10 23
8 32 13
31 14 12
28 11 7
9 30 21
8 13 4
6 14 28
17 12 0
29 26 16
26 24 9
5 22 10
5 1 2
9 11 7
1 31 19
22 10 13
30 32 4
18 4 0
2 10 0
29 28 2
29 19 13
26 7 5
13 4 2
16 4 13
20 26 0
1 16 8
26 2 4
27 9 4
18 30 3
6 18 18
27 12 13
26 30 7
21 20 6
29 2 20
8 24 11
18 14 10
20 23 2
27 19 15
29 18 20
28 12 9
15 30 3
22 4 13
6 17 9
22 24 18
12 19 2
4 32 7
2 7 1
28 20 14
27 31 20
15 7 1
15 2 0
28 15 18
28 18 18
12 18 9
6 10 18
27 32 29
3 24 13
29 14 30
1 2 21
20 18 4
11 4 11
28 30 21
27 18 22
16 31 11
20 2 4
29 16 7
13 7 3
5 26 19
16 7 14
20 31 2
3 32 15
6 20 14
22 16 0
21 17 1
26 13 2
17 31 7
3 4 8
21 18 10
28 23 16
17 19 2
28 26 14
5 3 15
7 30 2
10 30 3
9 26 14
12 3 1
5 8 17
19 24 12
12 23 7
29 32 27
17 13 7
17 26 5
6 23 16
21 15 10
1 12 12
6 9 0
8 14 16
30 24 2
31 23 0
27 22 9
16 13 11
1 24 26
5 29 3
6 15 18
16 26 9
19 10 7
20 30 7
5 12 14
26 18 4
21 4 10
17 24 14
27 29 2
25 26 19
3 2 8
5 2 23
28 2 18
10 24 5
25 21 13
23 14 12
11 19 4
4 24 5
16 30 16
26 10 4
6 24 23
8 10 6
5 9 5
29 11 9
11 15 11
9 24 23
18 7 1
22 23 11
22 26 9
21 2 10
19 15 7
11 23 9
11 20 7
16 2 13
29 21 10
1 26 17
22 8 7
11 3 3
11 2 11
3 8 2
6 31 16
3 10 8
8 15 6
1 3 13
9 19 11
12 32 16
26 4 4
22 15 13
12 24 14
23 18 2
27 24 27
28 4 18
11 31 9
9 16 5
10 14 10
9 3 10
23 15 2
19 4 7
1 20 17
9 20 14
8 31 4
1 11 10
20 10 4
1 13 19
27 11 11
7 24 4
17 18 9
23 30 5
11 7 12
6 30 21
6 28 0
3 15 8
28 13 16
29 17 11
1 21 11
11 17 2
13 18 2
29 30 23
31 15 2
1 17 12
28 19 11
13 15 2
22 21 3
6 8 12
28 17 9
13 14 12
29 10 20
8 7 7
21 24 15
16 32 20
5 31 21
6 13 16
16 12 4
3 26 4
5 6 5
21 12 1
8 26 2
1 22 8
19 2 7
27 21 12
22 13 11
25 22 10
27 16 9
28 16 5
12 8 3
25 19 16
9 17 9
28 32 25
31 18 2
12 2 9
18 24 5
29 15 20
19 7 8
32 14 3
1 10 21
16 21 3
6 11 7
26 15 4
21 10 10
2 32 7
11 14 21
7 32 6
29 4 20
9 31 16
2 30 3
5 23 21
22 3 5
13 24 7
25 27 1
25 32 30
5 25 0
29 31 18
22 31 11
25 23 21
5 21 13
21 7 11
7 14 9
9 21 8
31 4 2
5 4 23
13 32 9
5 15 23
27 6 4
25 15 23
4 30 3
27 1 1
27 10 22
17 8 3
23 10 2
23 13 0
28 22 5
17 2 9
25 20 19
8 2 6
19 23 5
22 19 6
21 3 2
15 10 0
24 32 2
5 28 5
12 4 9
29 24 25
4 7 1
11 10 11
5 32 30
9 7 19
3 13 6
3 30 11
6 26 14
17 7 10
29 23 18
1 32 28
25 31 21
2 18 0
25 9 5
26 32 11
9 13 16
10 4 0
19 30 10
27 23 20
16 15 13
19 8 1
3 7 9
8 30 9
22 14 23
30 14 7
5 20 19
23 2 2
13 30 5
5 10 23
19 31 5
12 20 5
31 32 9
6 7 19
31 13 0
22 20 9
3 20 4
17 4 9
15 18 0
31 30 5
21 13 8
31 10 2
29 12 11
23 32 9
28 7 19
9 14 28
21 32 17
21 26 6
22 18 13
26 31 2
6 32 25
29 6 2
20 32 11
9 2 18
19 14 17
16 11 2
19 13 5
11 30 14
23 7 3
27 4 22
9 10 18
25 3 15
4 14 10
25 4 23
9 22 5
16 23 11
22 12 4
28 10 18
1 28 3
19 20 3
29 3 12
20 4 4
21 19 3
6 12 9
12 7 10
27 14 32
9 15 18
4 2 0
25 28 5
5 16 10
17 30 12
13 10 2
27 28 4
25 11 12
22 17 4
5 24 28
25 12 14
29 8 14
22 32 20
28 8 12
20 7 5
29 13 18
2 24 5
20 14 14
6 19 11
25 17 14
27 17 13
5 14 33
9 8 12
3 23 6
5 17 14
26 23 2
6 4 18
1 19 14
17 20 5
22 11 2
8 23 4
16 3 5
5 30 26
11 18 11
9 4 18
28 14 28
26 14 14
25 16 10
25 14 33
12 13 7
1 15 21
25 7 24
9 28 0
31 24 7
10 32 7
20 24 9
8 4 6
1 29 1
4 15 0
27 2 22
27 20 18
6 3 10
27 3 14
9 12 9
1 23 19
25 1 2
1 14 31
27 8 16
25 18 23
2 14 10
19 26 3
27 13 20
17 23 7
21 8 4
12 14 19
25 24 28
11 13 9
13 2 2
1 18 21
28 24 23
12 31 7
1 7 22
20 13 2
12 15 9
20 15 4
16 24 18
27 7 23
1 30 24
16 10 13
21 30 13
25 13 21
25 2 23
21 31 8
16 18 13
11 21 1
3 19 1
29 9 2
1 9 3
29 7 21
25 29 3
9 18 18
31 7 3
16 17 4
19 32 14
3 14 18
17 3 1
6 22 5
16 19 6
11 8 5
21 14 20
27 15 22
1 6 3
27 30 25
11 32 18
21 23 8
17 14 19
17 10 9
24 14 5
5 19 16
22 30 16
5 18 23
19 18 7
29 20 16
37 665
12 15 89
16 9 70
22 21 91
27 9 8
25 15 90
37 36 61
10 11 30
24 6 25
18 34 30
20 4 12
21 26 94
19 1 14
1 16 77
27 7 36
21 4 18
29 30 81
19 27 11
1 32 49
16 15 36
6 11 35
32 30 7
25 11 77
26 27 48
32 25 80
6 13 80
7 23 38
26 22 53
2 13 6
13 12 31
9 10 6
6 33 99
8 33 43
36 13 8
36 31 85
11 24 78
9 18 9
20 9 63
1 37 72
32 24 96
11 19 85
21 13 14
20 24 40
12 10 91
16 21 7
24 13 28
27 30 70
1 15 27
12 23 44
16 7 69
20 29 44
5 7 100
34 10 69
37 3 4
21 3 78
30 7 15
13 11 51
23 33 74
6 27 86
8 2 3
16 32 57
10 35 18
14 37 61
25 35 19
32 8 32
6 32 25
18 21 33
12 35 83
17 11 50
11 23 59
14 21 37
25 1 69
12 18 64
30 26 51
4 6 37
15 33 26
30 16 45
9 7 73
30 12 90
29 2 10
7 17 90
10 21 84
29 6 4
20 22 20
29 36 61
3 27 33
3 31 31
17 14 19
23 21 0
1 31 81
9 2 59
5 3 74
11 2 56
15 8 16
25 12 22
28 13 47
4 12 65
18 19 91
11 1 8
3 2 22
10 14 38
12 2 81
25 33 52
1 5 55
18 31 79
2 35 69
23 30 13
8 30 73
21 19 11
31 26 23
15 35 45
27 35 11
22 1 47
30 37 62
9 11 50
22 35 48
18 36 53
23 32 34
36 10 0
20 5 97
8 11 50
1 34 73
24 19 63
19 3 36
34 17 20
13 7 41
13 8 21
36 11 70
33 21 13
36 22 73
20 37 40
15 34 2
7 36 99
37 35 77
20 31 11
34 12 51
22 6 25
19 32 93
2 32 16
3 30 71
35 24 10
18 28 86
33 36 50
14 7 73
10 4 100
22 4 51
37 31 77
13 16 20
14 1 8
1 13 92
26 24 49
28 10 95
11 22 63
18 13 58
14 15 17
35 31 37
19 20 72
32 26 21
11 30 36
3 8 70
1 29 47
7 34 26
8 19 42
3 15 11
27 16 54
33 20 59
33 26 67
1 18 15
22 34 56
29 26 17
35 3 81
16 24 48
21 31 75
6 3 82
16 14 54
19 14 69
10 22 59
32 13 21
4 9 7
10 24 65
20 32 51
12 31 64
4 19 40
8 18 6
9 6 99
9 13 69
8 4 73
37 5 50
25 10 71
37 15 62
36 12 84
4 1 75
12 3 80
35 9 90
12 20 43
19 23 74
5 26 92
3 9 63
19 17 62
24 7 47
19 33 30
30 36 78
20 36 96
2 36 24
22 29 80
29 34 55
10 7 88
8 25 46
25 5 19
19 29 66
17 5 5
6 8 6
11 33 88
18 3 91
31 34 93
10 29 61
17 2 0
23 31 35
27 31 40
27 2 87
1 27 77
23 37 87
9 15 55
2 34 8
34 36 59
32 33 38
36 14 62
24 37 52
28 5 94
37 13 8
29 5 45
19 36 79
4 2 77
21 2 19
20 17 50
19 30 51
17 25 50
33 29 77
5 27 79
16 26 77
17 30 44
27 25 98
9 24 43
16 8 5
14 31 69
15 32 36
20 30 74
24 27 33
24 31 91
36 15 6
20 13 29
10 1 20
4 28 61
21 11 9
27 21 44
1 36 19
22 2 26
10 8 71
29 12 32
8 31 3
27 13 43
6 5 58
23 13 93
19 5 7
35 30 15
3 26 99
6 31 56
1 9 47
18 33 57
30 13 10
5 34 0
10 26 14
1 2 94
22 7 4
5 33 7
17 35 32
14 27 79
35 29 31
36 16 99
2 28 97
28 35 48
12 33 7
20 26 47
32 36 74
16 6 65
7 1 49
18 6 56
17 8 70
12 27 27
8 21 25
10 37 25
19 35 92
37 8 61
23 29 77
29 32 53
35 6 0
25 2 70
10 27 74
9 31 88
1 8 25
6 14 67
13 14 77
3 1 0
4 14 80
10 2 86
5 8 47
35 21 83
37 27 87
24 15 63
34 9 2
35 36 55
16 28 23
36 21 71
15 7 12
25 28 8
37 19 35
21 32 6
28 20 30
14 2 20
5 9 90
37 32 57
35 33 17
34 25 78
24 33 56
8 26 87
15 2 72
35 7 18
19 28 100
35 8 2
37 33 77
31 22 33
4 11 91
5 35 15
3 7 3
31 25 5
25 4 71
6 20 84
29 21 88
6 26 20
25 13 74
29 8 79
25 21 98
7 11 13
1 30 84
25 29 24
34 4 50
13 15 60
37 11 63
26 14 31
28 1 28
31 16 22
13 35 50
32 4 11
26 17 21
37 7 32
29 7 0
17 33 52
1 33 31
23 36 93
25 20 69
19 6 4
19 13 89
28 22 79
34 19 38
29 27 3
22 37 23
28 27 26
18 27 97
34 8 59
34 32 20
14 23 55
26 25 60
3 34 73
11 27 57
14 29 23
4 31 30
25 30 7
1 6 87
15 18 58
24 4 4
24 23 77
21 37 35
33 9 98
8 24 51
28 9 97
3 29 25
3 36 56
37 2 7
36 26 21
14 20 64
13 31 5
8 36 44
12 37 74
16 34 64
26 23 8
5 13 31
8 7 77
34 23 35
27 4 32
33 13 35
6 15 37
22 12 7
28 12 56
32 22 41
29 28 5
18 32 74
33 2 99
31 28 30
23 6 62
35 11 5
22 33 83
19 16 100
10 32 41
29 17 25
20 23 63
13 17 46
28 6 100
17 23 27
23 5 31
23 8 93
33 27 21
30 4 87
15 31 12
10 23 51
26 35 4
29 18 72
22 13 4
15 11 94
19 15 0
9 12 15
16 2 87
31 10 86
27 8 69
1 12 84
10 19 44
18 30 50
21 30 21
27 20 96
28 15 38
17 36 62
36 25 41
23 9 11
11 16 11
15 17 29
26 19 10
22 25 35
32 3 80
32 5 21
26 2 7
17 1 86
12 32 45
2 31 11
9 29 94
12 14 32
5 30 28
37 4 67
18 35 46
18 23 89
36 28 3
3 16 6
28 17 97
12 5 61
31 11 20
28 14 17
30 28 14
23 1 92
34 11 44
36 4 58
24 22 39
6 7 1
1 26 42
25 23 38
24 12 54
10 30 8
34 13 93
10 16 62
22 3 81
33 16 78
7 31 27
14 18 78
37 16 33
15 4 89
17 22 81
12 6 29
14 30 91
28 11 2
21 5 76
24 30 72
4 3 35
21 12 51
28 3 96
25 37 68
26 4 100
12 26 67
29 13 34
2 24 63
21 7 32
23 27 11
9 37 63
35 34 47
22 14 48
14 11 35
7 12 70
26 18 21
1 21 59
27 15 70
24 17 27
4 7 20
26 9 58
29 37 54
14 33 18
9 17 74
10 18 54
35 14 40
8 28 3
10 5 23
36 9 89
28 26 88
27 32 38
9 25 19
36 6 73
25 18 71
33 28 37
18 20 54
3 11 44
5 2 67
15 29 69
16 25 72
35 32 69
11 29 91
3 14 22
15 5 86
19 9 13
16 35 8
16 18 66
15 10 90
1 24 94
5 16 70
35 1 35
31 33 53
2 18 79
29 4 97
8 14 6
30 22 66
32 9 94
18 22 6
24 28 2
18 11 65
32 7 26
21 34 56
31 29 41
34 30 17
5 24 26
11 5 6
37 34 47
17 10 4
35 20 64
24 36 62
5 4 77
27 36 62
5 36 38
6 10 1
17 3 8
3 25 76
34 24 40
5 18 11
20 11 21
22 9 5
6 34 16
9 14 42
20 7 1
7 33 17
15 20 38
4 33 100
30 33 29
17 12 74
5 22 20
15 23 51
31 19 100
18 4 35
24 3 54
26 7 91
21 15 83
22 27 31
30 15 1
10 33 11
21 20 54
37 17 100
11 26 95
1 20 92
12 19 43
6 37 17
23 35 67
6 21 97
32 28 66
29 24 93
31 5 25
2 30 71
2 6 27
20 10 53
16 4 57
12 8 92
26 15 8
32 17 4
32 14 11
34 26 66
25 7 34
16 29 34
26 13 98
7 18 48
23 16 69
3 33 38
32 11 72
35 4 88
14 34 3
17 4 48
27 17 54
7 19 49
10 3 94
13 3 42
23 3 68
25 24 5
22 19 13
30 6 37
18 37 95
12 11 98
18 24 94
8 20 96
23 28 94
31 17 91
17 16 1
25 6 35
9 8 33
3 20 33
34 33 10
2 19 57
34 27 20
31 30 27
24 14 46
22 16 69
24 21 32
22 8 71
9 30 76
25 14 66
28 34 56
9 21 37
20 16 29
2 23 85
28 21 84
10 13 57
37 26 83
6 17 17
22 15 46
2 7 75
13 4 46
28 37 96
16 12 68
21 17 5
5 14 38
4 23 63
25 19 0
20 34 41
17 18 100
7 28 85
22 23 93
20 2 47
37 633
30 4 87
17 10 4
16 26 77
11 27 57
13 12 31
33 26 67
37 13 8
37 16 33
36 21 71
4 14 80
25 10 71
12 27 27
14 27 79
32 9 94
19 5 7
23 30 13
10 23 51
12 18 64
4 12 65
14 23 55
16 15 36
37 17 100
31 29 41
21 3 78
14 37 61
18 6 56
28 15 38
20 9 63
18 30 50
35 8 2
16 12 68
16 32 57
16 28 23
36 10 0
22 4 51
6 11 35
1 31 81
26 2 7
14 11 35
1 16 77
23 3 68
17 3 8
29 7 0
20 13 29
6 31 56
2 34 8
16 4 57
3 9 63
26 22 53
29 12 32
11 16 11
26 35 4
17 5 5
25 14 66
18 21 33
5 7 100
31 10 86
20 23 63
26 18 21
29 24 93
22 14 48
34 25 78
20 7 1
4 33 100
12 2 81
8 4 73
35 1 35
11 33 88
21 26 94
29 18 72
36 12 84
20 5 97
21 12 51
29 4 97
34 8 59
23 6 62
10 24 65
10 18 54
18 24 94
9 37 63
24 4 4
1 6 87
36 9 89
1 18 15
32 3 80
3 31 31
28 27 26
20 36 96
15 18 58
4 31 30
37 26 83
32 22 41
3 16 6
8 26 87
33 20 59
33 9 98
2 7 75
1 27 77
33 21 13
10 33 11
35 20 64
28 1 28
36 6 73
2 18 79
35 6 0
3 7 3
28 22 79
18 28 86
19 6 4
11 30 36
27 32 38
33 28 37
7 1 49
5 8 47
10 14 38
20 34 41
34 26 66
7 36 99
25 28 8
15 10 90
7 11 13
5 36 38
19 13 89
9 29 94
3 33 38
9 10 6
10 1 20
8 30 73
22 27 31
14 21 37
26 17 21
28 5 94
3 34 73
34 27 20
30 12 90
16 6 65
20 22 20
35 11 5
8 19 42
23 31 35
18 27 97
23 8 93
8 25 46
3 29 25
24 13 28
12 6 29
10 26 14
21 20 54
31 17 91
34 24 40
23 29 77
8 18 6
14 1 8
26 7 91
10 29 61
27 7 36
2 24 63
6 14 67
19 20 72
15 17 29
22 34 56
13 31 5
4 1 75
18 37 95
16 2 87
29 6 4
17 11 50
4 2 77
18 13 58
27 8 69
8 36 44
10 11 30
27 13 43
10 13 57
17 14 19
21 19 11
23 28 94
12 32 45
31 5 25
1 9 47
10 3 94
21 15 83
15 8 16
37 19 35
18 4 35
21 37 35
15 11 94
5 4 77
1 37 72
2 36 24
19 9 13
18 33 57
25 13 74
24 23 77
8 21 25
28 10 95
37 2 7
20 4 12
26 24 49
28 14 17
35 7 18
19 27 11
11 29 91
8 33 43
28 13 47
21 11 9
27 21 44
9 21 37
12 10 91
25 29 24
24 28 2
13 14 77
28 9 97
17 22 81
28 35 48
19 29 66
20 17 50
5 14 38
20 24 40
21 7 32
25 7 34
18 19 91
7 12 70
22 29 80
24 31 91
22 1 47
22 25 35
16 8 5
14 18 78
37 4 67
22 13 4
32 8 32
22 12 7
31 11 20
29 17 25
22 33 83
37 11 63
1 13 92
24 37 52
5 9 90
5 34 0
13 4 46
10 8 71
17 23 27
32 25 80
1 36 19
16 34 64
5 27 79
24 21 32
17 16 1
15 34 2
20 31 11
18 3 91
15 29 69
17 2 0
6 27 86
30 16 45
3 14 22
16 35 8
5 24 26
24 3 54
9 25 19
11 26 95
25 11 77
19 33 30
37 5 50
19 30 51
22 7 4
25 1 69
26 15 8
13 3 42
20 11 21
19 28 100
22 19 13
21 4 18
3 11 44
27 31 40
30 28 14
6 33 99
20 10 53
9 14 42
34 13 93
12 3 80
9 13 69
33 27 21
29 5 45
23 16 69
17 18 100
29 30 81
22 21 91
2 31 11
17 25 50
31 28 30
17 8 70
4 28 61
13 11 51
1 26 42
12 5 61
23 32 34
31 16 22
9 17 74
28 11 2
32 26 21
37 15 62
19 35 92
9 12 15
8 28 3
18 22 6
6 21 97
15 35 45
20 30 74
24 22 39
6 10 1
18 20 54
18 23 89
15 31 12
22 8 71
24 7 47
30 6 37
15 33 26
4 9 7
10 37 25
27 16 54
27 4 32
37 7 32
4 7 20
30 13 10
29 21 88
11 22 63
28 6 100
16 7 69
29 32 53
25 4 71
28 37 96
34 11 44
14 34 3
4 19 40
2 32 16
10 22 59
8 24 51
32 13 21
4 6 37
14 33 18
9 18 9
2 28 97
32 24 96
23 1 92
10 5 23
3 20 33
30 15 1
15 4 89
20 32 51
36 25 41
24 14 46
36 13 8
1 8 25
22 23 93
1 29 47
21 31 75
7 17 90
23 27 11
36 15 6
6 37 17
31 19 100
7 18 48
21 34 56
21 32 6
5 33 7
6 3 82
10 19 44
23 21 0
10 32 41
26 27 48
6 15 37
17 36 62
2 30 71
11 2 56
23 36 93
11 5 6
34 19 38
34 10 69
8 20 96
17 30 44
24 12 54
15 20 38
23 37 87
27 9 8
15 7 12
24 6 25
36 11 70
6 34 16
27 17 54
26 14 31
27 15 70
5 26 92
34 9 2
9 7 73
6 8 6
12 15 89
16 18 66
28 20 30
24 17 27
32 5 21
14 7 73
9 8 33
6 26 20
32 14 11
26 25 60
16 29 34
32 11 72
29 13 34
23 33 74
25 15 90
12 20 43
15 5 86
14 2 20
31 22 33
19 36 79
6 20 84
1 5 55
28 17 97
14 30 91
12 14 32
20 16 29
10 30 8
17 33 52
20 26 47
15 23 51
6 32 25
25 23 38
24 15 63
10 21 84
29 27 3
23 9 11
25 21 98
11 1 8
28 3 96
21 17 5
1 30 84
18 11 65
17 12 74
2 35 69
8 14 6
20 2 47
13 17 46
9 15 55
35 21 83
18 35 46
28 26 88
35 24 10
26 23 8
1 33 31
34 23 35
26 4 100
19 16 100
14 31 69
15 2 72
22 6 25
25 20 69
37 3 4
25 24 5
1 12 84
3 26 99
25 19 0
10 16 62
1 32 49
11 19 85
33 16 78
9 30 76
13 35 50
5 13 31
7 23 38
12 8 92
15 32 36
7 33 17
34 4 50
16 25 72
28 34 56
8 31 3
1 20 92
22 35 48
17 35 32
5 16 70
32 7 26
3 27 33
12 11 98
6 17 17
33 2 99
24 33 56
10 2 86
26 13 98
2 19 57
26 19 10
33 13 35
36 26 21
10 4 100
22 3 81
17 1 86
19 17 62
13 16 20
27 36 62
3 8 70
23 35 67
25 30 7
32 17 4
14 15 17
25 37 68
35 3 81
5 18 11
22 37 23
19 32 93
5 3 74
8 11 50
1 24 94
5 30 28
25 6 35
23 13 93
34 12 51
20 29 44
36 22 73
2 13 6
37 8 61
22 9 5
8 7 77
28 12 56
24 30 72
1 21 59
10 27 74
4 11 91
16 9 70
35 9 90
27 35 11
19 14 69
19 1 14
21 13 14
36 4 58
6 7 1
28 21 84
20 37 40
27 20 96
8 2 3
9 24 43
4 23 63
18 36 53
22 2 26
31 25 5
3 2 22
12 33 7
16 14 54
21 30 21
31 26 23
32 4 11
19 3 36
10 7 88
5 22 20
35 4 88
12 19 43
1 34 73
25 12 22
12 26 67
29 8 79
5 35 15
18 31 79
9 31 88
36 14 62
18 34 30
24 19 63
18 32 74
25 5 19
29 2 10
13 15 60
29 26 17
27 30 70
3 15 11
12 37 74
16 24 48
5 2 67
7 19 49
27 25 98
2 23 85
27 2 87
36 16 99
14 20 64
23 5 31
12 31 64
25 18 71
37 27 87
32 28 66
3 25 76
30 26 51
7 31 27
24 27 33
16 21 7
13 8 21
19 23 74
17 4 48
21 5 76
4 3 35
19 15 0
1 15 27
26 9 58
10 35 18
9 6 99
36 28 3
22 15 46
25 33 52
11 23 59
3 30 71
29 28 5
3 36 56
12 23 44
22 16 69
14 29 23
35 14 40
25 2 70
9 2 59
1 2 94
21 2 19
9 11 50
6 13 80
30 22 66
7 34 26
25 35 19
11 24 78
3 1 0
30 7 15
7 28 85
34 17 20
12 35 83
24 36 62
6 5 58
2 6 27
13 7 41
37 633
10 5 23
10 33 11
15 8 16
36 11 70
36 15 6
28 14 17
10 24 65
24 28 2
7 17 90
3 33 38
18 22 6
17 14 19
6 11 35
7 33 17
14 31 69
15 11 94
15 34 2
29 32 53
20 11 21
36 26 21
8 21 25
21 30 21
35 11 5
25 29 24
29 17 25
16 8 5
5 22 20
5 27 79
26 35 4
9 8 33
21 26 94
32 5 21
10 13 57
17 8 70
16 35 8
25 7 34
4 2 77
16 28 23
5 16 70
3 15 11
3 7 3
30 7 15
7 1 49
27 9 8
30 15 1
27 13 43
22 21 91
30 13 10
26 24 49
28 3 96
7 28 85
13 11 51
21 15 83
36 9 89
23 1 92
24 7 47
24 6 25
1 6 87
24 17 27
8 26 87
6 27 86
6 37 17
9 15 55
9 2 59
1 33 31
32 22 41
5 4 77
31 22 33
34 25 78
28 34 56
23 28 94
1 36 19
6 17 17
22 7 4
10 1 20
8 25 46
16 26 77
27 16 54
10 37 25
17 11 50
28 22 79
13 35 50
19 16 100
5 3 74
17 36 62
33 27 21
32 28 66
2 19 57
1 20 92
8 11 50
13 7 41
23 29 77
17 25 50
23 5 31
10 23 51
12 20 43
11 30 36
37 8 61
16 34 64
4 9 7
34 13 93
30 28 14
19 32 93
28 10 95
1 9 47
6 8 6
20 5 97
12 19 43
24 22 39
6 26 20
32 13 21
12 8 92
27 31 40
16 7 69
24 31 91
12 31 64
17 10 4
18 21 33
17 30 44
7 36 99
36 28 3
26 4 100
11 16 11
28 12 56
6 34 16
21 11 9
7 18 48
17 12 74
25 4 71
33 28 37
11 27 57
35 1 35
16 9 70
1 13 92
11 22 63
5 26 92
28 17 97
23 6 62
18 31 79
29 13 34
31 29 41
16 14 54
18 32 74
22 3 81
30 12 90
12 18 64
19 14 69
19 20 72
24 4 4
11 29 91
17 18 100
29 21 88
35 14 40
22 25 35
5 36 38
4 33 100
22 35 48
7 12 70
20 23 63
5 18 11
24 27 33
25 12 22
9 10 6
32 3 80
37 16 33
25 30 7
22 14 48
18 34 30
14 11 35
1 5 55
34 11 44
33 13 35
21 12 51
5 2 67
1 21 59
25 11 77
7 11 13
14 18 78
22 8 71
15 4 89
20 10 53
1 18 15
8 2 3
12 37 74
32 8 32
36 22 73
28 13 47
20 34 41
3 34 73
25 18 71
12 2 81
8 14 6
28 37 96
9 13 69
32 14 11
33 20 59
19 29 66
25 5 19
15 7 12
9 24 43
3 31 31
30 16 45
19 36 79
22 33 83
16 6 65
25 1 69
27 2 87
29 26 17
1 2 94
11 23 59
15 17 29
24 13 28
37 3 4
11 1 8
34 19 38
27 35 11
16 2 87
2 35 69
8 30 73
2 7 75
20 32 51
26 23 8
21 5 76
8 19 42
23 16 69
21 19 11
23 13 93
10 32 41
24 19 63
1 29 47
2 31 11
7 19 49
6 7 1
30 6 37
14 33 18
33 9 98
9 18 9
20 7 1
17 4 48
32 4 11
24 37 52
37 17 100
9 21 37
35 6 0
5 33 7
27 25 98
10 7 88
35 21 83
18 13 58
8 4 73
29 28 5
2 30 71
10 35 18
18 27 97
17 35 32
25 24 5
35 8 2
15 2 72
22 34 56
23 35 67
24 36 62
34 27 20
26 22 53
32 24 96
14 21 37
3 29 25
20 9 63
20 17 50
1 12 84
22 16 69
37 4 67
6 32 25
17 33 52
4 6 37
16 29 34
6 10 1
22 23 93
4 12 65
3 1 0
27 36 62
21 7 32
26 2 7
18 20 54
20 22 20
19 1 14
14 27 79
10 3 94
4 11 91
29 6 4
10 14 38
11 24 78
1 26 42
10 26 14
37 7 32
16 25 72
23 21 0
2 28 97
12 26 67
22 15 46
24 15 63
1 16 77
8 36 44
1 32 49
8 33 43
27 15 70
13 8 21
19 27 11
36 10 0
10 22 59
3 8 70
10 16 62
37 13 8
33 26 67
23 3 68
2 18 79
35 24 10
4 14 80
19 35 92
31 10 86
15 29 69
20 24 40
1 15 27
18 37 95
4 3 35
25 14 66
23 31 35
18 35 46
6 21 97
28 11 2
8 20 96
23 9 11
5 7 100
25 35 19
29 8 79
12 33 7
3 2 22
36 13 8
14 29 23
20 31 11
23 37 87
1 8 25
33 21 13
26 27 48
14 34 3
30 26 51
36 14 62
16 21 7
14 37 61
6 3 82
11 19 85
16 24 48
3 25 76
4 23 63
11 33 88
28 1 28
25 2 70
29 12 32
37 15 62
34 9 2
35 4 88
25 33 52
25 37 68
22 13 4
12 35 83
31 17 91
11 26 95
34 8 59
25 10 71
28 35 48
29 24 93
3 14 22
35 20 64
7 34 26
20 36 96
32 17 4
2 32 16
2 36 24
28 26 88
14 7 73
36 21 71
27 17 54
31 26 23
12 5 61
22 19 13
32 26 21
20 4 12
27 30 70
23 8 93
21 4 18
22 12 7
34 17 20
23 27 11
25 23 38
13 16 20
22 6 25
23 32 34
15 31 12
19 5 7
14 20 64
37 26 83
18 33 57
4 31 30
10 2 86
25 19 0
28 5 94
33 16 78
25 15 90
23 33 74
6 33 99
16 4 57
9 7 73
36 4 58
26 14 31
2 23 85
23 30 13
3 16 6
21 32 6
18 19 91
26 7 91
32 25 80
17 3 8
12 6 29
25 21 98
30 4 87
5 14 38
28 9 97
35 3 81
20 30 74
21 34 56
31 5 25
12 27 27
12 3 80
2 34 8
3 11 44
19 9 13
24 21 32
18 4 35
5 30 28
13 12 31
13 4 46
10 29 61
14 2 20
13 14 77
20 37 40
26 19 10
9 25 19
18 23 89
28 20 30
31 25 5
36 16 99
7 23 38
12 11 98
9 37 63
21 17 5
9 17 74
21 2 19
12 32 45
8 7 77
3 26 99
9 31 88
36 12 84
6 15 37
10 18 54
14 23 55
5 13 31
15 5 86
37 5 50
16 18 66
18 6 56
34 10 69
13 17 46
19 33 30
20 13 29
2 13 6
37 19 35
21 20 54
5 24 26
26 13 98
8 31 3
20 2 47
10 27 74
4 7 20
32 11 72
13 15 60
4 19 40
8 24 51
24 30 72
35 7 18
32 9 94
19 15 0
10 30 8
1 31 81
29 7 0
29 5 45
37 2 7
4 1 75
9 30 76
27 7 36
9 11 50
8 28 3
29 18 72
1 27 77
26 9 58
8 18 6
18 30 50
12 10 91
16 32 57
28 21 84
34 24 40
6 14 67
25 6 35
25 28 8
34 4 50
5 9 90
25 20 69
34 12 51
12 14 32
36 6 73
1 34 73
21 3 78
11 2 56
14 30 91
36 25 41
21 13 14
34 23 35
24 14 46
28 6 100
9 29 94
2 6 27
3 27 33
17 16 1
15 33 26
20 26 47
17 23 27
19 30 51
28 27 26
10 21 84
10 4 100
18 24 94
1 37 72
37 11 63
1 24 94
3 36 56
31 28 30
15 18 58
4 28 61
19 28 100
31 11 20
10 11 30
12 23 44
6 20 84
15 32 36
26 17 21
31 19 100
32 7 26
26 18 21
21 37 35
20 16 29
1 30 84
10 8 71
26 15 8
17 5 5
5 35 15
22 9 5
29 30 81
9 14 42
3 30 71
35 9 90
18 36 53
6 31 56
37 27 87
22 27 31
34 26 66
15 23 51
24 23 77
29 27 3
5 8 47
27 21 44
27 32 38
9 12 15
22 4 51
15 10 90
6 5 58
13 3 42
23 36 93
2 24 63
22 37 23
20 29 44
19 6 4
28 15 38
27 20 96
19 23 74
10 19 44
24 12 54
7 31 27
18 11 65
24 33 56
26 25 60
14 1 8
3 20 33
17 22 81
12 15 89
18 3 91
17 2 0
19 17 62
13 31 5
19 13 89
16 12 68
27 4 32
25 13 74
30 22 66
14 15 17
16 15 36
15 20 38
33 2 99
3 9 63
19 3 36
6 13 80
17 1 86
29 2 10
27 8 69
22 1 47
15 35 45
31 16 22
22 29 80
18 28 86
21 31 75
24 3 54
22 2 26
5 34 0
9 6 99
29 4 97
11 5 6
3 1
1 2 93
3 3
2 3 27
3 1 12
1 2 93
3 1
1 2 93
16 33
1 16 70
2 15 80
7 1 33
3 1 32
2 9 92
2 14 89
2 10 65
2 6 99
2 11 86
3 6 5
10 1 15
7 2 15
3 4 48
1 9 54
1 15 25
5 1 17
2 12 10
2 5 66
2 8 5
12 1 57
13 2 66
1 11 12
14 1 37
8 1 8
4 2 37
3 2 40
1 2 6
16 2 64
6 1 77
3 7 23
5 3 91
4 1 52
1 13 65
16 34
1 2 6
5 3 91
13 2 66
1 11 12
5 1 17
1 15 25
2 14 89
14 1 37
2 10 65
3 6 5
1 9 54
12 1 57
2 6 99
8 1 8
3 1 32
4 1 52
3 2 40
2 9 92
7 2 15
2 12 10
7 1 33
1 16 70
16 2 64
6 1 77
2 5 66
3 7 23
2 11 86
10 1 15
2 8 5
2 15 80
4 2 37
1 13 65
12 11 21
3 4 48
16 100
3 13 66
16 3 26
12 7 2
8 1 8
4 9 15
10 5 67
14 8 23
2 11 86
3 8 34
4 2 37
10 13 43
14 12 61
3 2 40
2 6 99
10 1 15
16 2 64
13 12 6
8 12 56
10 11 22
1 2 6
6 8 31
12 1 57
13 15 84
11 5 99
13 14 59
14 1 37
5 1 17
13 2 66
5 13 8
8 5 35
7 1 33
3 6 5
4 13 44
4 1 52
2 14 89
10 3 56
16 5 62
14 15 53
4 15 63
2 9 92
11 9 33
1 16 70
5 15 41
14 16 32
2 10 65
1 9 54
12 6 33
3 4 48
6 13 64
8 16 39
6 15 88
16 15 2
7 5 90
2 8 5
6 1 77
1 13 65
16 13 1
4 16 51
2 5 66
10 4 96
9 3 78
10 14 92
11 15 60
11 13 3
9 14 78
4 6 73
7 2 15
6 7 66
10 6 18
4 7 0
11 3 83
6 16 56
9 12 48
8 13 9
3 14 84
5 14 50
2 12 10
7 10 52
16 7 53
14 11 22
13 7 67
1 11 12
3 7 23
8 4 67
12 16 64
4 5 57
3 1 32
11 6 85
1 15 25
14 4 70
7 15 58
9 5 7
2 15 80
8 9 59
5 3 91
12 4 6
10 8 15
13 9 77
14 7 63
9 6 59
0 0
