4 1000
-1 -1
1 -1
1 1
-1 1
200 1000
989.5114947621 31.0966514873
988.0464611440 62.1626143340
985.6063449570 93.1672301853
982.1935543013 124.0799012287
977.8114571892 154.8701203898
972.4643782214 185.5075014399
966.1575943194 215.9618089826
958.8973295173 246.2029882932
950.6907488202 276.2011949788
941.5459511322 305.9268244312
931.4719612647 335.3505410428
920.4787210294 364.4433071578
908.5770794271 393.1764117284
895.7787819414 421.5214986494
882.0964589465 449.4505947422
867.5436132434 476.9361373607
852.1346067339 503.9510015929
835.8846462470 530.4685270292
818.8097685318 556.4625440736
800.9268244312 581.9073997695
782.2534622519 606.7779831164
762.8081103480 631.0497498512
742.6099589342 654.6987466704
721.6789411472 677.7016348694
700.0357133747 700.0357133747
677.7016348694 721.6789411472
654.6987466704 742.6099589342
631.0497498512 762.8081103480
606.7779831164 782.2534622519
581.9073997695 800.9268244312
556.4625440736 818.8097685318
530.4685270292 835.8846462470
503.9510015929 852.1346067339
476.9361373607 867.5436132434
449.4505947422 882.0964589465
421.5214986494 895.7787819414
393.1764117284 908.5770794271
364.4433071578 920.4787210294
335.3505410428 931.4719612647
305.9268244312 941.5459511322
276.2011949788 950.6907488202
246.2029882932 958.8973295173
215.9618089826 966.1575943194
185.5075014399 972.4643782214
154.8701203898 977.8114571892
124.0799012287 982.1935543013
93.1672301853 985.6063449570
62.1626143340 988.0464611440
31.0966514873 989.5114947621
0.0000000000 990.0000000000
-31.0966514873 989.5114947621
-62.1626143340 988.0464611440
-93.1672301853 985.6063449570
-124.0799012287 982.1935543013
-154.8701203898 977.8114571892
-185.5075014399 972.4643782214
-215.9618089826 966.1575943194
-246.2029882932 958.8973295173
-276.2011949788 950.6907488202
-305.9268244312 941.5459511322
-335.3505410428 931.4719612647
-364.4433071578 920.4787210294
-393.1764117284 908.5770794271
-421.5214986494 895.7787819414
-449.4505947422 882.0964589465
-476.9361373607 867.5436132434
-503.9510015929 852.1346067339
-530.4685270292 835.8846462470
-556.4625440736 818.8097685318
-581.9073997695 800.9268244312
-606.7779831164 782.2534622519
-631.0497498512 762.8081103480
-654.6987466704 742.6099589342
-677.7016348694 721.6789411472
-700.0357133747 700.0357133747
-721.6789411472 677.7016348694
-742.6099589342 654.6987466704
-762.8081103480 631.0497498512
-782.2534622519 606.7779831164
-800.9268244312 581.9073997695
-818.8097685318 556.4625440736
-835.8846462470 530.4685270292
-852.1346067339 503.9510015929
-867.5436132434 476.9361373607
-882.0964589465 449.4505947422
-895.7787819414 421.5214986494
-908.5770794271 393.1764117284
-920.4787210294 364.4433071578
-931.4719612647 335.3505410428
-941.5459511322 305.9268244312
-950.6907488202 276.2011949788
-958.8973295173 246.2029882932
-966.1575943194 215.9618089826
-972.4643782214 185.5075014399
-977.8114571892 154.8701203898
-982.1935543013 124.0799012287
-985.6063449570 93.1672301853
-988.0464611440 62.1626143340
-989.5114947621 31.0966514873
-990.0000000000 0.0000000000
-989.5114947621 -31.0966514873
-988.0464611440 -62.1626143340
-985.6063449570 -93.1672301853
-982.1935543013 -124.0799012287
-977.8114571892 -154.8701203898
-972.4643782214 -185.5075014399
-966.1575943194 -215.9618089826
-958.8973295173 -246.2029882932
-950.6907488202 -276.2011949788
-941.5459511322 -305.9268244312
-931.4719612647 -335.3505410428
-920.4787210294 -364.4433071578
-908.5770794271 -393.1764117284
-895.7787819414 -421.5214986494
-882.0964589465 -449.4505947422
-867.5436132434 -476.9361373607
-852.1346067339 -503.9510015929
-835.8846462470 -530.4685270292
-818.8097685318 -556.4625440736
-800.9268244312 -581.9073997695
-782.2534622519 -606.7779831164
-762.8081103480 -631.0497498512
-742.6099589342 -654.6987466704
-721.6789411472 -677.7016348694
-700.0357133747 -700.0357133747
-677.7016348694 -721.6789411472
-654.6987466704 -742.6099589342
-631.0497498512 -762.8081103480
-606.7779831164 -782.2534622519
-581.9073997695 -800.9268244312
-556.4625440736 -818.8097685318
-530.4685270292 -835.8846462470
-503.9510015929 -852.1346067339
-476.9361373607 -867.5436132434
-449.4505947422 -882.0964589465
-421.5214986494 -895.7787819414
-393.1764117284 -908.5770794271
-364.4433071578 -920.4787210294
-335.3505410428 -931.4719612647
-305.9268244312 -941.5459511322
-276.2011949788 -950.6907488202
-246.2029882932 -958.8973295173
-215.9618089826 -966.1575943194
-185.5075014399 -972.4643782214
-154.8701203898 -977.8114571892
-124.0799012287 -982.1935543013
-93.1672301853 -985.6063449570
-62.1626143340 -988.0464611440
-31.0966514873 -989.5114947621
0.0000000000 -990.0000000000
31.0966514873 -989.5114947621
62.1626143340 -988.0464611440
93.1672301853 -985.6063449570
124.0799012287 -982.1935543013
154.8701203898 -977.8114571892
185.5075014399 -972.4643782214
215.9618089826 -966.1575943194
246.2029882932 -958.8973295173
276.2011949788 -950.6907488202
305.9268244312 -941.5459511322
335.3505410428 -931.4719612647
364.4433071578 -920.4787210294
393.1764117284 -908.5770794271
421.5214986494 -895.7787819414
449.4505947422 -882.0964589465
476.9361373607 -867.5436132434
503.9510015929 -852.1346067339
530.4685270292 -835.8846462470
556.4625440736 -818.8097685318
581.9073997695 -800.9268244312
606.7779831164 -782.2534622519
631.0497498512 -762.8081103480
654.6987466704 -742.6099589342
677.7016348694 -721.6789411472
700.0357133747 -700.0357133747
721.6789411472 -677.7016348694
742.6099589342 -654.6987466704
762.8081103480 -631.0497498512
782.2534622519 -606.7779831164
800.9268244312 -581.9073997695
818.8097685318 -556.4625440736
835.8846462470 -530.4685270292
852.1346067339 -503.9510015929
867.5436132434 -476.9361373607
882.0964589465 -449.4505947422
895.7787819414 -421.5214986494
908.5770794271 -393.1764117284
920.4787210294 -364.4433071578
931.4719612647 -335.3505410428
941.5459511322 -305.9268244312
950.6907488202 -276.2011949788
958.8973295173 -246.2029882932
966.1575943194 -215.9618089826
972.4643782214 -185.5075014399
977.8114571892 -154.8701203898
982.1935543013 -124.0799012287
985.6063449570 -93.1672301853
988.0464611440 -62.1626143340
989.5114947621 -31.0966514873
990.0000000000 -0.0000000000
200 1000
99.9506560366 3.1410759078
99.8026728428 6.2790519529
99.5561964603 9.4108313319
99.2114701314 12.5333233564
98.7688340595 15.6434465040
98.2287250729 18.7381314586
97.5916761939 21.8143241397
96.8583161129 24.8689887165
96.0293685677 27.8991106039
95.1056516295 30.9016994375
94.0880768954 33.8737920245
92.9776485888 36.8124552685
91.7754625684 39.7147890635
90.4827052466 42.5779291565
89.1006524188 45.3990499740
87.6306680044 48.1753674102
86.0742027004 50.9041415750
84.4327925502 53.5826794979
82.7080574275 56.2083377852
80.9016994375 58.7785252292
79.0155012376 61.2907053653
77.0513242776 63.7423989749
75.0111069630 66.1311865324
72.8968627421 68.4547105929
70.7106781187 70.7106781187
68.4547105929 72.8968627421
66.1311865324 75.0111069630
63.7423989749 77.0513242776
61.2907053653 79.0155012376
58.7785252292 80.9016994375
56.2083377852 82.7080574275
53.5826794979 84.4327925502
50.9041415750 86.0742027004
48.1753674102 87.6306680044
45.3990499740 89.1006524188
42.5779291565 90.4827052466
39.7147890635 91.7754625684
36.8124552685 92.9776485888
33.8737920245 94.0880768954
30.9016994375 95.1056516295
27.8991106039 96.0293685677
24.8689887165 96.8583161129
21.8143241397 97.5916761939
18.7381314586 98.2287250729
15.6434465040 98.7688340595
12.5333233564 99.2114701314
9.4108313319 99.5561964603
6.2790519529 99.8026728428
3.1410759078 99.9506560366
0.0000000000 100.0000000000
-3.1410759078 99.9506560366
-6.2790519529 99.8026728428
-9.4108313319 99.5561964603
-12.5333233564 99.2114701314
-15.6434465040 98.7688340595
-18.7381314586 98.2287250729
-21.8143241397 97.5916761939
-24.8689887165 96.8583161129
-27.8991106039 96.0293685677
-30.9016994375 95.1056516295
-33.8737920245 94.0880768954
-36.8124552685 92.9776485888
-39.7147890635 91.7754625684
-42.5779291565 90.4827052466
-45.3990499740 89.1006524188
-48.1753674102 87.6306680044
-50.9041415750 86.0742027004
-53.5826794979 84.4327925502
-56.2083377852 82.7080574275
-58.7785252292 80.9016994375
-61.2907053653 79.0155012376
-63.7423989749 77.0513242776
-66.1311865324 75.0111069630
-68.4547105929 72.8968627421
-70.7106781187 70.7106781187
-72.8968627421 68.4547105929
-75.0111069630 66.1311865324
-77.0513242776 63.7423989749
-79.0155012376 61.2907053653
-80.9016994375 58.7785252292
-82.7080574275 56.2083377852
-84.4327925502 53.5826794979
-86.0742027004 50.9041415750
-87.6306680044 48.1753674102
-89.1006524188 45.3990499740
-90.4827052466 42.5779291565
-91.7754625684 39.7147890635
-92.9776485888 36.8124552685
-94.0880768954 33.8737920245
-95.1056516295 30.9016994375
-96.0293685677 27.8991106039
-96.8583161129 24.8689887165
-97.5916761939 21.8143241397
-98.2287250729 18.7381314586
-98.7688340595 15.6434465040
-99.2114701314 12.5333233564
-99.5561964603 9.4108313319
-99.8026728428 6.2790519529
-99.9506560366 3.1410759078
-100.0000000000 0.0000000000
-99.9506560366 -3.1410759078
-99.8026728428 -6.2790519529
-99.5561964603 -9.4108313319
-99.2114701314 -12.5333233564
-98.7688340595 -15.6434465040
-98.2287250729 -18.7381314586
-97.5916761939 -21.8143241397
-96.8583161129 -24.8689887165
-96.0293685677 -27.8991106039
-95.1056516295 -30.9016994375
-94.0880768954 -33.8737920245
-92.9776485888 -36.8124552685
-91.7754625684 -39.7147890635
-90.4827052466 -42.5779291565
-89.1006524188 -45.3990499740
-87.6306680044 -48.1753674102
-86.0742027004 -50.9041415750
-84.4327925502 -53.5826794979
-82.7080574275 -56.2083377852
-80.9016994375 -58.7785252292
-79.0155012376 -61.2907053653
-77.0513242776 -63.7423989749
-75.0111069630 -66.1311865324
-72.8968627421 -68.4547105929
-70.7106781187 -70.7106781187
-68.4547105929 -72.8968627421
-66.1311865324 -75.0111069630
-63.7423989749 -77.0513242776
-61.2907053653 -79.0155012376
-58.7785252292 -80.9016994375
-56.2083377852 -82.7080574275
-53.5826794979 -84.4327925502
-50.9041415750 -86.0742027004
-48.1753674102 -87.6306680044
-45.3990499740 -89.1006524188
-42.5779291565 -90.4827052466
-39.7147890635 -91.7754625684
-36.8124552685 -92.9776485888
-33.8737920245 -94.0880768954
-30.9016994375 -95.1056516295
-27.8991106039 -96.0293685677
-24.8689887165 -96.8583161129
-21.8143241397 -97.5916761939
-18.7381314586 -98.2287250729
-15.6434465040 -98.7688340595
-12.5333233564 -99.2114701314
-9.4108313319 -99.5561964603
-6.2790519529 -99.8026728428
-3.1410759078 -99.9506560366
0.0000000000 -100.0000000000
3.1410759078 -99.9506560366
6.2790519529 -99.8026728428
9.4108313319 -99.5561964603
12.5333233564 -99.2114701314
15.6434465040 -98.7688340595
18.7381314586 -98.2287250729
21.8143241397 -97.5916761939
24.8689887165 -96.8583161129
27.8991106039 -96.0293685677
30.9016994375 -95.1056516295
33.8737920245 -94.0880768954
36.8124552685 -92.9776485888
39.7147890635 -91.7754625684
42.5779291565 -90.4827052466
45.3990499740 -89.1006524188
48.1753674102 -87.6306680044
50.9041415750 -86.0742027004
53.5826794979 -84.4327925502
56.2083377852 -82.7080574275
58.7785252292 -80.9016994375
61.2907053653 -79.0155012376
63.7423989749 -77.0513242776
66.1311865324 -75.0111069630
68.4547105929 -72.8968627421
70.7106781187 -70.7106781187
72.8968627421 -68.4547105929
75.0111069630 -66.1311865324
77.0513242776 -63.7423989749
79.0155012376 -61.2907053653
80.9016994375 -58.7785252292
82.7080574275 -56.2083377852
84.4327925502 -53.5826794979
86.0742027004 -50.9041415750
87.6306680044 -48.1753674102
89.1006524188 -45.3990499740
90.4827052466 -42.5779291565
91.7754625684 -39.7147890635
92.9776485888 -36.8124552685
94.0880768954 -33.8737920245
95.1056516295 -30.9016994375
96.0293685677 -27.8991106039
96.8583161129 -24.8689887165
97.5916761939 -21.8143241397
98.2287250729 -18.7381314586
98.7688340595 -15.6434465040
99.2114701314 -12.5333233564
99.5561964603 -9.4108313319
99.8026728428 -6.2790519529
99.9506560366 -3.1410759078
100.0000000000 -0.0000000000
180 270
-48.837888270638 21.572249339752
-54.628369118460 19.046054053851
-56.317079917975 18.305205705767
-61.797444176569 15.888025159302
-67.454493435685 13.372024920387
-83.520825342570 6.107719534900
-85.890936159619 5.020792777508
-97.208748782341 -0.226208701163
-99.067422690901 -1.097113457650
-101.400285465142 -2.193997026118
-105.443141083453 -4.105073724621
-106.041566243703 -4.389065947835
-110.287894250540 -6.412656200534
-114.345087068249 -8.360231200581
-118.907278485043 -10.567283704884
-124.318252770751 -13.209358153454
-127.017368310614 -14.537591007829
-127.367227851903 -14.710273372385
-133.342256431993 -17.678318899201
-146.502203295199 -24.351784767853
-151.391537810809 -26.884409354450
-157.900105227402 -30.306537564119
-162.011889167669 -32.501230838317
-165.310209159215 -34.281814752945
-168.711944164295 -36.138468878428
-169.995259188511 -36.844574621744
-170.123752494393 -36.915452261859
-176.152259188985 -40.279680077675
-178.359192019792 -41.531824785488
-181.270973504555 -43.202687404395
-182.713726632341 -44.039087435495
-184.381380659933 -45.013390916312
-190.994503883252 -48.967006683457
-192.168856278788 -49.686213213493
-194.472306773551 -51.114388218550
-196.716995000954 -52.530727669301
-198.147945977775 -53.447780112802
-199.899182202421 -54.586841151686
-200.246400761558 -54.815046803500
-205.794590631157 -58.590258380060
-206.972074646210 -59.429545601783
-210.142353163923 -61.781239165351
-210.487978240109 -62.047423413341
-218.962339305182 -70.032246016681
-219.167582471240 -70.325334211899
-220.098594212703 -74.285104056724
-219.842481697216 -74.662371447422
-219.806230413787 -74.704209662747
-218.778110743873 -75.440754665856
-217.835883758142 -75.788334470760
-217.694305133486 -75.827098513870
-215.352603596741 -76.184936169350
-215.088266928195 -76.202067854276
-214.653977203244 -76.223005846332
-213.274626042365 -76.239617441952
-206.596692004675 -75.673203210969
-203.918825267426 -75.265742211419
-203.426056080265 -75.183119970009
-200.910893379722 -74.729997183476
-198.658098985454 -74.285102773104
-196.335843849857 -73.793716622247
-196.220158269662 -73.768450292272
-195.511487116344 -73.612140628337
-194.588090985063 -73.404644407263
-194.293571332268 -73.337584234632
-191.878524324863 -72.772649904570
-190.350398033954 -72.402275071285
-184.654867280069 -70.945592940073
-177.003525402505 -68.832577834736
-171.396387532271 -67.192364918306
-167.644645642347 -66.058160417546
-166.076305840393 -65.576079526957
-162.132314379569 -64.344486867973
-160.161989074013 -63.719426822724
-156.042821891784 -62.393006426359
-152.390930736594 -61.196133674860
-150.796753464995 -60.667829403312
-130.203194897264 -53.564010180813
-127.797128209168 -52.703792580906
-114.376416129307 -47.804761806282
-107.480751663737 -45.225626420197
-102.776254977006 -43.443512636759
-99.797306219408 -42.305934158158
-89.662556350960 -38.384761993857
-65.601450622396 -28.779149970036
-63.003563662322 -27.718307160249
-60.574323601770 -26.722271209926
-50.102552496690 -22.384213153296
-35.472550677706 -16.204344084380
-33.756840756837 -15.470567229469
-23.966241504385 -11.246968098508
-23.284184088343 -10.950422453650
-0.302152012831 -0.779455317269
12.733065839329 5.148703362244
26.757173642242 11.663779213689
30.688712486945 13.517169986386
46.791950788543 21.241446709746
51.175492154132 23.383636948270
57.685296991566 26.598833449387
59.968360532867 27.736500706615
63.869458440362 29.693136602553
70.292555865313 32.951481924497
75.752420865565 35.759851327629
82.460072085324 39.263466294291
82.963883726444 39.529172958358
89.682051812758 43.109369034014
107.338223221673 52.915601934832
125.930388601538 64.210430195536
127.859898738009 65.477364014211
128.851177617207 66.138456655883
129.043836931234 66.267810141469
129.540980252063 66.602958673025
130.399979082803 67.186871741248
134.001832606990 69.712290646481
134.087395824948 69.774027135336
135.405693521748 70.737374327022
137.501210411616 72.322959034200
137.659043080261 72.445535085892
137.973546588377 72.691270386770
138.757666068564 73.313143690112
139.995598537893 74.325513010719
140.748969206841 74.963405640212
144.222538247158 78.244837303552
144.982239228579 79.092950874862
145.208672881380 79.362549699791
146.101648752990 80.545139924349
146.973314698139 82.136814101160
147.044569168295 82.327514621997
147.191312708970 82.840875771956
147.227438161173 83.904183687988
147.105638718232 84.320820862361
146.911473678395 84.681873063565
146.718037316293 84.928233732003
146.045277158171 85.467083168405
145.506023707873 85.737852889188
144.992570291860 85.926932983608
144.566874788535 86.049117768701
143.405906702454 86.275033004767
143.196535721211 86.303198871423
142.505250262743 86.375440887747
133.640000347720 85.897332449416
133.539411201599 85.883562551916
133.428514884635 85.868243151020
126.184201735985 84.614923568388
125.804240731682 84.538086973941
122.504714730582 83.835131100737
121.701643714258 83.655180773371
120.199784408763 83.310280261744
117.372934372256 82.633999547886
116.292253671038 82.366897270237
113.343241637568 81.616261158994
104.863161759636 79.306716451084
104.622221040644 79.238250061298
99.816139907374 77.844093003965
98.042801240660 77.316849001382
96.191373264036 76.759548139787
93.156988080920 75.831868474784
88.004863777854 74.219117785471
86.178699597352 73.636911389496
84.464552733092 73.085675882580
82.061355811190 72.305413392269
76.412259863589 70.439021245832
73.181818826875 69.352638106426
70.390333978017 68.403361474007
69.973339449351 68.260747485549
68.897742268707 67.891936122801
62.050759023586 65.513189670432
53.265242503583 62.387822276274
50.243040257468 61.295021443234
42.367225200600 58.407445881666
30.131295019582 53.814809612913
27.505718620472 52.813425334846
11.465795810149 46.581812323090
10.123703159139 46.051836532108
-8.311259326879 38.645189020399
-8.610214556991 38.523172971311
-12.411567366212 36.966498366112
-36.246485902073 26.990527124490
-36.348065568970 26.947224890190
-37.251246715987 26.561916941732
180 270
-120.139086941977 186.792458842373
-125.840186688941 184.059148325810
-127.489342146884 183.226641745559
-132.799070081789 180.414060144498
-138.211581712742 177.331413637229
-153.194681437099 167.557026353087
-155.354918183263 165.983776243396
-165.484948407106 157.984427532936
-167.118392636755 156.591617178376
-169.156149803757 154.810910460199
-172.654270633111 151.637566119188
-173.168416929851 151.158281646403
-176.789122704631 147.684990151983
-180.202336466086 144.245177201211
-183.984525411393 140.230691243429
-188.390469838236 135.259746496290
-190.554507563254 132.691623285004
-190.833318403873 132.354305803110
-195.533025734177 126.431066703123
-205.437579812007 112.214155730663
-208.943174424592 106.475108237643
-213.443548927614 98.399565217500
-216.179377028372 93.016486385890
-218.308201868969 88.525930725305
-220.437497112759 83.720760055117
-221.222191899720 81.859244001782
-221.300177382702 81.671328875111
-224.831748780483 72.521165050626
-226.057283445877 68.994909759591
-227.612644786369 64.180929989973
-228.355452780636 61.722606572515
-229.189420978977 58.816473754536
-232.201893570653 46.519376211608
-232.680768429411 44.188598677548
-233.562841504666 39.466786547037
-234.341873903223 34.654207375029
-234.792131764964 31.464678101536
-235.288334402308 27.417434365996
-235.378978538084 26.594690603033
-236.405910873348 12.342753095378
-236.499174732518 8.991094628290
-236.449113016498 -0.822819739444
-236.411562782786 -1.976903576181
-230.716222222614 -42.795971812670
-230.251843510034 -44.640717892155
-219.533305518350 -75.594999517822
-217.680062489971 -79.673161744237
-217.455602155405 -80.151120802387
-212.563171095529 -89.842106254329
-209.151545728635 -95.911813112972
-208.682997330882 -96.708236429962
-201.860871916230 -107.448179653967
-201.166938509952 -108.460779358119
-200.050448003645 -110.062523256930
-196.667702036017 -114.721431417764
-182.408484691921 -131.722480841310
-177.280933782178 -136.991464834789
-176.362409456838 -137.895408800364
-171.776966844732 -142.239569749469
-167.797674230404 -145.795342970773
-163.802996760063 -149.179318997164
-163.606575845184 -149.341133798492
-162.408349853555 -150.319227965853
-160.859590040036 -151.560833870972
-160.368486014668 -151.949301961913
-156.390714021133 -155.005537463702
-153.916044494026 -156.828506847656
-144.942263851319 -162.968234643992
-133.398098366198 -169.875728926751
-125.238524112052 -174.150059972421
-119.899226131374 -176.694564312457
-117.693269300012 -177.689979188339
-112.208943396173 -180.027672658081
-109.501142366104 -181.111502448874
-103.904604199174 -183.208468309034
-99.011432790228 -184.887908822932
-96.894474827432 -185.570999828504
-70.461773252102 -191.997730568822
-67.472485550348 -192.488961469904
-51.128862536439 -194.362943854663
-42.934305318803 -194.793622281204
-37.417403531523 -194.894025810448
-33.953892365372 -194.879282629851
-22.337553915570 -194.391269800449
4.270937185289 -190.688497458671
7.066198716688 -190.085013972885
9.666707749636 -189.485845060254
20.731308497445 -186.521500764349
35.799218014577 -181.356357997083
37.536675445412 -180.672974799217
47.332378192923 -176.461201563732
48.007225686862 -176.147948978983
70.160843452202 -164.057367748700
82.204708853483 -155.832032266028
94.713071758658 -145.804649549853
98.131461613264 -142.762182222629
111.697580299586 -129.158853783724
115.261060682895 -125.116405908274
120.441955756521 -118.821839723647
122.226014288617 -116.527870557054
125.232905929808 -112.499166457349
130.063299509689 -105.550183840918
134.042734545108 -99.311339866509
138.756692167282 -91.187908122356
139.102407755400 -90.555858907457
143.591000983151 -81.809258450139
154.087597264296 -55.412750426283
161.968783852829 -19.298281081571
162.476478745737 -14.736695604960
162.703875777653 -12.305524462575
162.745231702233 -11.825568488269
162.847490530338 -10.575387673485
163.008398475122 -8.373847909232
163.430911041934 1.518787660604
163.435236690807 1.768769065868
163.462085640172 5.724680710735
163.327027634979 12.478987099187
163.306537955949 13.014774375808
163.260845617136 14.095160908369
163.116781466912 16.867835274401
162.789202178431 21.507831976091
162.518491155762 24.518742097434
160.156122017613 41.323297445339
159.212381676259 46.118650859301
158.876044102168 47.692311631881
157.158752669428 54.923452496806
154.050620179611 65.737175439365
153.598165664759 67.141422293697
152.271411591749 71.069194266634
148.877104761450 80.081551440757
147.219053091713 84.058015371060
145.568380201016 87.794109461399
144.294988001622 90.542960032053
140.907328575485 97.372814868063
138.719564261988 101.463538744747
136.861522831385 104.768318401095
135.434268363109 107.211330677198
131.893177051252 112.952503234777
131.295747073282 113.879885242722
129.391149851041 116.763631518976
109.564837455541 141.684661848893
109.367202481744 141.895768002269
109.149769814772 142.127316233278
95.772948877200 155.084335895186
95.107685892306 155.668605339392
89.447587013085 160.435604428197
88.098979515999 161.519779435640
85.604283994948 163.475493928990
80.997406392953 166.923919850794
79.264282793237 168.168668066364
74.606083928349 171.378585376776
61.705660622191 179.311926916141
61.348446094318 179.512891944356
54.316176529986 183.277292187970
51.763432929322 184.556097015901
49.120672848361 185.832482803355
44.836144740415 187.801653118401
37.684595615682 190.821999685186
35.184342312517 191.801802738493
32.852980614372 192.680786723855
29.608829030037 193.849197020235
22.088565303920 196.318702981289
17.850583041649 197.567009517110
14.222882948759 198.555423419813
13.683626543006 198.696116491024
12.295784753075 199.050843031197
3.562582313815 201.042872052883
-7.403693364481 202.970792565830
-11.118185361511 203.482175951488
-20.667940010739 204.473478379323
-35.155894994995 205.099267841550
-38.212649587482 205.097016155501
-56.513260337246 204.103903224176
-58.016468516701 203.947266757914
-78.248987125455 200.705943318248
-78.570857905131 200.637027525122
-82.646617037352 199.716211377000
-107.496693226263 192.092578710894
-107.600023695027 192.053333461001
-108.517814810938 191.701879952110
148 999
655.792256768430 -732.857041238465
666.730339596468 -722.752618683717
685.626630928217 474.756904332565
685.423297638345 476.281520200933
662.287622185270 501.614397177925
646.918847027881 517.543207864713
641.585141651028 522.897300809235
617.283801678883 545.609352384770
597.699906525197 563.649227065675
576.984729113461 581.307333232632
570.477731637000 586.578850090828
538.608489901694 611.516336225148
522.629300737596 623.095941210219
513.640387340251 629.464193504999
496.798716170714 640.893847856770
477.666449350535 653.398082861634
459.280733725549 664.641682935450
449.679649072349 670.323832413405
428.295777712044 682.575924475781
425.211812198254 684.241223518653
391.135523125866 701.919548487093
384.281949667649 705.190022324866
355.693908791512 718.147236966377
329.327167979955 729.576011899604
284.754731486355 746.394049871295
246.892983718997 758.449911280772
221.210765816616 765.738302833280
166.478966139994 778.210344252909
156.585357549191 780.185178191242
151.307594752796 781.086201279465
103.587181233812 788.344906876437
82.548344788570 790.479129983500
62.798450315743 791.943665457860
41.368529225173 793.043712478864
12.470614750175 793.892384575692
-10.046242340084 794.077748970972
-56.735322538941 791.681514958862
-114.393848687480 785.491343175469
-120.472634908336 784.716744023559
-123.644543028322 784.209768539775
-140.862476308262 781.049162582842
-161.398427299272 777.146316057903
-168.189926001546 775.709439097985
-217.253462002568 763.102283440838
-249.325081387038 752.954354689520
-270.814994196226 745.234417655296
-291.159904280574 737.074095938514
-312.673920050925 727.332972302816
-339.697042211463 714.650616788600
-368.853990309249 700.100506021978
-397.188452985960 683.252159533527
-424.783237331588 665.601140132585
-440.344548989160 654.581311781127
-453.368130148242 645.180312733569
-463.142924345476 637.834338300614
-480.420552660033 623.630644890755
-497.342838336807 608.883385816778
-530.872743911062 577.131357766377
-543.710356177931 564.327853737829
-579.484552529718 523.682864268536
-590.057393687156 510.751992793769
-599.129076468849 498.893054950531
-620.585998473613 468.181621606192
-632.115826985656 450.951210877370
-642.243737748348 434.440630531410
-644.079771998286 431.289251401907
-662.310811481182 398.496834360561
-673.756942658819 374.688256468420
-682.731892647200 355.042453955690
-691.228946198868 336.206619970000
-693.550470274755 330.303885688811
-705.684995790184 298.367248253665
-709.170172049333 288.128883146557
-718.779651754771 256.295253780739
-738.805501215968 166.983997736374
-743.289181643035 138.064982033776
-744.557762187965 128.000054761186
-746.648766843730 107.967564058154
-748.558052115125 85.005911236168
-749.472616155743 69.944164941776
-749.514782869894 65.409572898862
-749.609393052320 12.997640639113
-748.915827102132 -22.455048664793
-746.960687313585 -49.101951513434
-745.299885975289 -65.308068911068
-743.863084153083 -77.650517017719
-741.738550569337 -93.626767493667
-739.656456811322 -107.316153496514
-722.204141615202 -190.200402527131
-705.040637168553 -247.192883956784
-697.996316692967 -267.512897380504
-686.212879179732 -298.404230599968
-679.074357277506 -316.379435118748
-666.142237367038 -348.154799496038
-648.389081287400 -384.623563352285
-627.953804840863 -422.036210116848
-622.672340723091 -431.600574839655
-595.283591396929 -475.515753954690
-579.226969113616 -498.703822433161
-574.199192192855 -505.855774603265
-558.133165015646 -527.946740295541
-551.322658760875 -536.583643465917
-509.875394038627 -586.689117790424
-490.562850055367 -607.672364663761
-460.769758217985 -638.426361217174
-456.258128761415 -642.706078077592
-453.917307195411 -644.861893116791
-421.351426859496 -674.632848334558
-419.043485907406 -676.621205790865
-409.029057101106 -685.192816226166
-373.049818929162 -714.145965097320
-349.349706382822 -731.170941311979
-332.969387376324 -742.757228755740
-315.949638227510 -754.529897160432
-306.412766910994 -760.727782284483
-291.223663567917 -770.247041108454
-285.635062164736 -773.582927468612
-277.811140346217 -778.038297193455
-225.469582897651 -806.386201199709
-213.209345803828 -812.586123664494
-188.665591115360 -824.392565569018
-171.618529484671 -832.047195812905
-156.174376126946 -838.135216724113
-142.685405166903 -843.236082124462
-73.509507427335 -867.241238974577
-58.388515296416 -871.918640808801
-23.615015699945 -880.899579840711
-9.553799899111 -884.153827501580
29.629590161026 -891.308011092495
55.417392424757 -895.813884129196
88.928933270338 -899.450457796505
99.735555738792 -900.516974202015
146.175716735872 -903.515932369695
173.233679704285 -903.624294893496
246.056905121454 -900.396005251464
281.346596334408 -896.251078625519
309.164242512838 -891.502698382849
324.443095048807 -888.670256693722
345.328258763223 -884.664981315543
383.482539572535 -874.525816243039
418.662495481426 -864.215804240556
480.237399989914 -840.646505129655
494.455114685818 -834.213893076740
502.971447360839 -829.820932019695
545.171061419559 -807.541712792420
553.485244411799 -802.937897169746
592.092048207488 -780.159626626350
623.573876809999 -758.091007635461
0 0
