4 2
0 0 0 1
0 0 1 0
7 2
0 0 0 1
0 0 1 0
1 1
-5 -5 -3 7
4 1
-10000 -10000 10000 10000
2 1
-10000 -10000 10000 10000
100 1
-1 -1 1 1
5 3
0 0 1 1
1 0 2 1
0 0 1 -1
6 3
0 0 1 1
1 0 2 1
0 0 1 -1
7 3
0 0 1 1
1 0 2 1
0 0 1 -1
3 2
0 1 0 2
1 5 1 7
6 2
0 1 0 2
1 5 1 7
4 2
0 1 0 2
1 5 1 7
3 2
0 1 0 -2
1 5 1 7
5 4
5 -1 5 1
4 1 4 -1
6 -1 6 1
2 1 2 -1
6 4
5 -1 5 1
4 1 4 -1
6 -1 6 1
2 1 2 -1
10 4
5 -1 5 1
4 1 4 -1
6 -1 6 1
2 1 2 -1
11 4
5 -1 5 1
4 1 4 -1
6 -1 6 1
2 1 2 -1
3 2
-10000 -10000 10000 10000
10000 9999 -9999 -10000
4 2
-10000 -10000 10000 10000
10000 9999 -9999 -10000
100 2
-10000 -10000 10000 10000
10000 9999 -9999 -10000
4 2
-10000 -10000 -10000 10000
9999 -10000 10000 10000
4 2
-10000 -9999 -9999 10000
9999 -10000 10000 10000
6 2
-10000 -9999 -9999 10000
9999 -10000 10000 10000
7 2
-10000 -9999 -9999 10000
9999 -10000 10000 10000
6 3
-10000 -9999 -9999 10000
-9999 -9999 -9998 10000
9999 -10000 10000 10000
7 3
-10000 -9999 -9999 10000
-9999 -9999 -9998 10000
9999 -10000 10000 10000
100 100
844 2808 -5377 3897
-3193 -6563 -5456 440
4333 -18 6679 2027
9839 -7099 -546 -1617
-5716 -8368 9549 2023
5758 4534 -3582 -595
7414 -2151 6043 -440
-4408 7112 1836 8818
173 2023 -7437 3895
-1752 189 -2634 1471
-8593 9123 -565 -8741
5943 23 3205 2652
-8264 3947 3807 2526
-7018 2127 -5056 797
5840 -6547 7393 3800
-7228 -7241 -7717 5841
4670 -9539 -3827 5904
-3001 -8047 -2573 -2814
-6406 5253 8180 -2607
-8782 2069 -8587 997
-6909 9871 -4348 2676
-7359 -6564 -7335 -6532
-4456 -1247 -2284 -9315
2340 -6424 8352 9807
403 -3740 -26 951
5670 8944 8269 -999
-692 1427 2784 -855
5816 -2618 -2268 8816
-5565 -6804 6719 -4192
510 -2303 5943 4362
-9804 -1171 -1257 5926
-4987 -2843 -8082 -4662
-9710 -8890 -5154 3410
2872 2591 8100 7385
-5593 2036 4454 -8671
2925 2863 -6946 -8329
-5004 -6223 -2656 -659
8791 -2759 6686 -1599
-4077 -5469 -4907 -3741
-8495 -7008 -3340 -7465
-58 -9391 3304 8777
-931 -4805 7760 -5185
-1498 8406 6774 -9363
9522 9053 1537 -4715
3905 -8412 8856 -8517
5301 -5411 -631 -349
-7176 2455 1593 9036
9758 -2052 -6534 -4597
-879 9190 570 -9866
2620 -6816 5552 1727
-8519 1970 7232 3858
-1680 8162 -842 8819
9640 -3879 4093 7878
-2463 -8233 -4237 1051
-6665 1168 -7170 -1192
-8655 8087 818 9704
8699 4756 1286 7773
4013 4773 -9456 9127
-5794 -7683 5766 4806
-9233 -8839 5127 96
-150 -1723 -227 -155
-3558 -4897 1646 2401
6509 8478 4316 1601
9979 9705 5027 -8012
-4939 -9454 544 941
5063 -7479 -9316 7215
8998 -5052 3695 -2689
-2360 1904 -7431 -5764
-576 4641 6356 8873
-5709 1083 2565 -3392
-4262 -9857 8259 -630
7443 5387 -6937 4830
9606 -9549 3458 -5579
-502 -784 6160 2995
-8837 -3684 -1569 -3860
4131 -8782 6952 -5529
2294 -1402 -67 -2259
5324 -6848 -2470 1440
-7103 -103 4355 -7738
-4852 5265 -786 -8969
-8944 -1947 5933 1414
4015 2870 -8998 -5706
-9236 3664 -1711 -1471
-440 9340 -3352 -4883
2983 1730 -5140 -8894
6246 5207 8187 9506
6207 -7062 7089 2709
-5386 -2075 -4270 -6317
6109 3985 673 1250
3619 -9426 -3258 -3053
4025 -5710 -4015 7961
320 2357 9298 -3747
3648 9395 -1013 8223
-9505 5850 6227 1568
-5414 -2152 1641 5736
-2080 7051 -7952 -8397
-4681 -3527 -1311 5681
-7335 7291 -2618 -9103
-9526 9586 -835 -2284
3283 -926 -1063 -2838
100 50
9875 7108 2056 1530
-1109 1823 8496 -1855
-6002 3630 9761 8892
-2209 7648 3067 4641
3254 -4310 -4807 -4193
2492 6390 702 520
-8451 -5072 6329 -8161
7503 3442 9644 -5603
9637 4625 6506 821
4499 1750 -8322 -4072
-6686 -1884 -2538 -1557
-4578 4263 -1224 -4107
6831 170 705 -555
8309 -5429 1381 3416
350 2688 4862 6514
694 8649 127 -524
-3408 7906 917 9130
7730 -5072 -3202 -1396
-2920 -5966 8347 -9149
8441 5237 -878 -9170
-5032 2881 -9159 3408
-7656 6031 -9118 3591
2102 787 814 -2565
970 -4846 8220 5633
8342 3813 4277 3279
-4009 4619 -5073 805
6978 -5182 4187 -6798
-8402 2578 7466 2153
-4196 -1030 -3800 4749
-2754 1764 -458 -4841
-2683 -2883 -1660 -6482
-9223 -7916 3643 9700
-2526 -61 -7417 2124
-4613 6434 -1020 -2994
3034 -4693 2873 -8197
-8845 2385 362 -3076
-811 -8308 107 -5019
-3787 -2234 -5289 -9150
-9609 -254 -5566 6655
-6231 3424 6500 6857
9796 -9027 -3491 -5241
5297 -8740 589 9735
-9411 -2570 -6830 3535
4342 -5192 4274 -2235
1535 9878 2430 8453
3878 -3847 5535 2288
-8300 7594 -1466 -2171
-2193 9019 -463 6639
-8842 7771 6089 6272
7256 3329 1426 9840
100 49
7320 4374 -5169 3405
-4902 7037 -5828 -2137
3638 1373 5133 1600
3251 5796 7703 -9583
-2716 8846 -1225 8153
-3331 5955 9736 1666
8920 5160 -1983 364
3015 3203 8442 -5426
7829 -7247 -3898 1868
-2530 3523 -5643 -9951
6901 5923 3602 3335
-7319 5252 -9387 2112
550 -1603 2335 8087
306 4892 8998 -4222
-706 -1094 5319 -2668
-140 -9474 4302 -3371
-495 1857 -5767 -4339
-5260 6030 3248 6344
-7348 -7847 -1343 8463
-5229 5741 -7640 4234
5042 -4043 -325 -4382
-5701 8900 -6777 4432
-1195 -8707 9764 -3392
841 9740 2963 3934
-9992 -345 -2438 7145
-6918 156 4241 2996
6918 -3886 -1654 -8940
2436 7267 -6789 3371
-1181 3898 571 -6049
5926 8919 -7406 -9603
4782 -7747 -8664 1034
-20 -4522 -3557 3582
-3298 -5185 -6318 9152
5685 -4550 -8189 9145
-6090 5763 -8148 -3631
-1568 -1468 7494 -8958
2741 -8864 7501 -5193
-3626 -424 8314 5655
-9629 6544 -727 8283
-2388 692 6165 3337
-8127 -3626 6445 2649
1058 3975 -128 -1416
-4012 7562 -3511 -6007
-763 6316 3530 -7617
8459 1343 -536 7157
8227 9257 -810 -7717
2268 -9831 2160 -2303
6513 4540 -5011 2573
-4639 -6442 -3018 -5688
99 49
-7752 -8472 1981 5494
4122 -4069 6154 1016
-4739 2779 -5732 2029
-4579 5355 5807 1344
-3842 8932 -8206 4512
-8188 3932 6984 -1636
-4412 4880 4051 210
-4702 -3596 -3043 -3951
7323 -297 -6859 3419
2434 7957 9671 660
-4250 5748 -8537 2617
5585 2167 -8900 3655
3357 5687 -4680 -3842
785 8503 -911 -4259
6629 5979 6769 4927
145 -1287 3756 -5942
4564 6649 1595 516
5163 4182 -3229 932
-6138 -5268 641 8883
5286 -7160 -8480 1042
-4572 -2584 9730 -132
-1849 445 161 -6005
-285 -3387 -1138 3769
8660 -1678 516 -9482
-6598 -9855 8297 1195
7291 -4425 1726 -6852
-6870 -1993 -3677 8370
4646 65 4680 1958
2937 1605 -8103 -5668
9669 1007 -9362 1719
4994 7972 5147 4051
-7068 -6354 -5643 -4352
-6767 -3117 -7419 6869
-6484 7361 6548 -3099
-1372 -4509 3433 -704
8167 7083 7468 -858
-2356 -3506 -174 3448
9876 8873 556 8525
-6217 -6725 9462 -7298
-1160 -2574 -1685 -2533
-6626 -7476 9009 7473
4379 -4670 4213 -3127
-9320 -2571 -721 2282
-1670 1422 -9985 -8982
2117 -1832 -7075 5816
6266 9258 8237 -3970
2529 9101 -4834 19
9568 6557 -133 -2776
7835 -2504 1457 391
98 49
-3713 -6465 -4522 -1211
-6384 7411 9644 -4431
-723 3737 -9982 1402
-5177 6035 -8458 7592
-5154 -5262 4178 -3362
3121 8266 -2765 -1935
-9364 -6010 2587 -8355
-2603 130 -2420 4654
822 -4886 -268 -3982
2790 -6650 -9863 -735
-9225 91 1522 -1210
-9361 2112 -5951 -6841
3881 -6696 -4800 -7420
-6270 -1132 6204 -9446
9929 3840 2623 -7191
8196 -7193 582 -7569
-2286 -1699 -2536 2416
5693 4537 -8801 -2571
9583 8404 7562 4469
5451 -4546 -2226 -2063
7683 -5398 -6891 1074
-5994 -9284 -3728 -5922
-9738 -907 -8104 877
794 6887 -9589 5169
4408 8645 8364 -6373
4584 8765 7514 7456
2972 8586 488 3601
996 1520 278 5670
-7977 2131 7795 6142
6862 2008 1598 4612
-4168 5906 7542 9002
4421 617 -7419 -6194
8843 5303 -5634 2548
-3864 -8165 4866 -9826
2955 8199 7784 9649
-8260 9 -9105 7542
-8873 9656 8351 -3972
-914 -3622 -512 -3238
-9432 -7921 -6630 9010
-3839 5718 -3923 3167
10000 7821 -643 -5137
8520 -7766 9786 -128
420 -6141 9031 2642
-5639 -6404 1342 -6723
4223 -1678 -9324 6144
-216 -7872 3676 -8422
-1457 9881 6832 2451
8218 3508 3106 -8057
-4781 -8819 1477 1577
97 30
-309 701 -3842 6383
-6474 -2467 -2300 -2853
-232 3801 -642 4961
4410 1236 2518 9010
-7472 -1898 -2664 4184
-6617 -2257 -4808 -2593
-425 -6970 -8116 3676
3973 3497 73 -3668
-9028 -8983 -5984 3674
849 9287 -3771 -4783
-4659 4006 -7824 8319
8160 -7748 -8232 8442
-3219 3184 -7334 -5938
6552 -83 -9749 -9652
-9432 761 4535 2631
6507 1032 7682 8042
7616 -1542 666 1882
8906 2329 4102 -524
-1210 -4387 -8477 3610
3353 -7246 -4741 5002
549 5589 2828 2418
6486 -1698 7039 4891
4606 8673 -6552 2675
1758 -1767 7113 -8324
-3244 7531 6138 -3133
-6958 3678 -8209 2348
5762 6235 5130 -4476
1506 5885 3637 1905
-1430 7144 -4297 9187
5534 7916 -5208 -2214
48 47
1 0 1 1
2 0 2 1
3 0 3 1
4 0 4 1
5 0 5 1
6 0 6 1
7 0 7 1
8 0 8 1
9 0 9 1
10 0 10 1
11 0 11 1
12 0 12 1
13 0 13 1
14 0 14 1
15 0 15 1
16 0 16 1
17 0 17 1
18 0 18 1
19 0 19 1
20 0 20 1
21 0 21 1
22 0 22 1
23 0 23 1
24 0 24 1
25 0 25 1
26 0 26 1
27 0 27 1
28 0 28 1
29 0 29 1
30 0 30 1
31 0 31 1
32 0 32 1
33 0 33 1
34 0 34 1
35 0 35 1
36 0 36 1
37 0 37 1
38 0 38 1
39 0 39 1
40 0 40 1
41 0 41 1
42 0 42 1
43 0 43 1
44 0 44 1
45 0 45 1
46 0 46 1
47 0 47 1
49 47
1 0 1 1
2 0 2 1
3 0 3 1
4 0 4 1
5 0 5 1
6 0 6 1
7 0 7 1
8 0 8 1
9 0 9 1
10 0 10 1
11 0 11 1
12 0 12 1
13 0 13 1
14 0 14 1
15 0 15 1
16 0 16 1
17 0 17 1
18 0 18 1
19 0 19 1
20 0 20 1
21 0 21 1
22 0 22 1
23 0 23 1
24 0 24 1
25 0 25 1
26 0 26 1
27 0 27 1
28 0 28 1
29 0 29 1
30 0 30 1
31 0 31 1
32 0 32 1
33 0 33 1
34 0 34 1
35 0 35 1
36 0 36 1
37 0 37 1
38 0 38 1
39 0 39 1
40 0 40 1
41 0 41 1
42 0 42 1
43 0 43 1
44 0 44 1
45 0 45 1
46 0 46 1
47 0 47 1
96 47
1 0 1 1
2 0 2 1
3 0 3 1
4 0 4 1
5 0 5 1
6 0 6 1
7 0 7 1
8 0 8 1
9 0 9 1
10 0 10 1
11 0 11 1
12 0 12 1
13 0 13 1
14 0 14 1
15 0 15 1
16 0 16 1
17 0 17 1
18 0 18 1
19 0 19 1
20 0 20 1
21 0 21 1
22 0 22 1
23 0 23 1
24 0 24 1
25 0 25 1
26 0 26 1
27 0 27 1
28 0 28 1
29 0 29 1
30 0 30 1
31 0 31 1
32 0 32 1
33 0 33 1
34 0 34 1
35 0 35 1
36 0 36 1
37 0 37 1
38 0 38 1
39 0 39 1
40 0 40 1
41 0 41 1
42 0 42 1
43 0 43 1
44 0 44 1
45 0 45 1
46 0 46 1
47 0 47 1
97 47
1 0 1 1
2 0 2 1
3 0 3 1
4 0 4 1
5 0 5 1
6 0 6 1
7 0 7 1
8 0 8 1
9 0 9 1
10 0 10 1
11 0 11 1
12 0 12 1
13 0 13 1
14 0 14 1
15 0 15 1
16 0 16 1
17 0 17 1
18 0 18 1
19 0 19 1
20 0 20 1
21 0 21 1
22 0 22 1
23 0 23 1
24 0 24 1
25 0 25 1
26 0 26 1
27 0 27 1
28 0 28 1
29 0 29 1
30 0 30 1
31 0 31 1
32 0 32 1
33 0 33 1
34 0 34 1
35 0 35 1
36 0 36 1
37 0 37 1
38 0 38 1
39 0 39 1
40 0 40 1
41 0 41 1
42 0 42 1
43 0 43 1
44 0 44 1
45 0 45 1
46 0 46 1
47 0 47 1
4 2
0 0 1 1
2 2 -2 -2
3 3
0 0 1 1
1 0 2 1
0 0 -1 -1
4 3
0 0 1 1
1 0 2 1
0 0 -1 -1
3 3
0 0 0 1
0 2 0 3
0 0 0 1
3 3
0 0 0 1
0 2 0 3
0 1 0 0
4 4
0 0 0 1
0 2 0 3
0 1 0 0
10 11 12 13
5 4
0 0 0 1
0 2 0 3
0 1 0 0
10 11 12 13
4 2
0 0 1 0
0 0 0 1
7 2
0 0 1 0
0 0 0 1
1 1
-5 -5 7 -3
4 1
-10000 -10000 10000 10000
2 1
-10000 -10000 10000 10000
100 1
-1 -1 1 1
5 3
0 0 1 1
0 1 1 2
0 0 -1 1
6 3
0 0 1 1
0 1 1 2
0 0 -1 1
7 3
0 0 1 1
0 1 1 2
0 0 -1 1
3 2
1 0 2 0
5 1 7 1
6 2
1 0 2 0
5 1 7 1
4 2
1 0 2 0
5 1 7 1
3 2
1 0 -2 0
5 1 7 1
5 4
-1 5 1 5
1 4 -1 4
-1 6 1 6
1 2 -1 2
6 4
-1 5 1 5
1 4 -1 4
-1 6 1 6
1 2 -1 2
10 4
-1 5 1 5
1 4 -1 4
-1 6 1 6
1 2 -1 2
11 4
-1 5 1 5
1 4 -1 4
-1 6 1 6
1 2 -1 2
3 2
-10000 -10000 10000 10000
9999 10000 -10000 -9999
4 2
-10000 -10000 10000 10000
9999 10000 -10000 -9999
100 2
-10000 -10000 10000 10000
9999 10000 -10000 -9999
4 2
-10000 -10000 10000 -10000
-10000 9999 10000 10000
4 2
-9999 -10000 10000 -9999
-10000 9999 10000 10000
6 2
-9999 -10000 10000 -9999
-10000 9999 10000 10000
7 2
-9999 -10000 10000 -9999
-10000 9999 10000 10000
6 3
-9999 -10000 10000 -9999
-9999 -9999 10000 -9998
-10000 9999 10000 10000
7 3
-9999 -10000 10000 -9999
-9999 -9999 10000 -9998
-10000 9999 10000 10000
100 100
931 4891 -6311 4315
-4892 -8550 6910 -1887
9273 7027 -6621 -2569
4277 -7846 -1938 -6169
-8583 464 -949 2995
-7880 7475 -5067 -4663
-6409 8744 -2420 -6568
789 -6906 -4660 2411
4092 2123 -978 5590
-476 -9944 1152 9032
5073 1429 7114 -2940
-4665 9997 -1807 -7246
8128 -6749 -554 -4380
-8197 6868 4007 -4454
7351 697 2435 -1761
-7747 8721 -2921 8453
3372 4107 -2373 -3390
9534 -7439 9206 -7575
-9974 8547 -7529 5202
-3434 8361 5215 -6052
3513 -1824 -3522 8520
688 -6882 -7566 1188
-9977 8767 -5556 6111
5023 -8502 -401 -5559
-8575 3657 7754 881
-5292 6936 -9370 -5025
-4708 -1384 -7575 1252
3929 3305 -285 -6882
-7501 -7606 5958 -9105
4511 -9702 9189 7146
-6270 -4551 7446 -6808
-684 -4401 -3723 -9401
-2750 -9150 4051 649
5849 7328 2605 -4176
-166 8584 -9191 7588
1262 -3632 -5529 7924
9478 -3046 -6602 -9515
-6064 -1104 -4061 -6627
-2075 -9262 -3731 -4255
-8043 -9474 6484 -1807
-9852 -9656 -4451 -5462
4470 2976 4043 -709
2969 -4548 -4011 -2550
-573 -3229 -8130 6754
7477 -1906 -8505 9948
-5022 3862 -3886 4279
-132 5534 -3035 -8267
5827 -2938 -1923 2728
-2221 -4908 -9479 3288
5243 2439 1912 5213
8052 -1903 3308 7962
3982 -8008 -5541 3980
667 6100 9681 6005
1492 -1776 2559 -8849
3227 4981 7087 7703
60 -8226 -3816 -4682
5075 -4215 8121 1602
-5470 3210 8385 1810
-7999 -5973 4387 -4840
-1631 917 8413 847
-3616 4577 -8644 6946
1233 2170 -7396 1172
-4643 1036 -1041 -4664
9913 7418 8067 -3646
-1895 2826 -8433 -935
6553 -4997 4395 9441
4230 -7550 -598 6925
6762 2960 901 6982
-2398 2726 -6904 -9328
-3904 6314 2006 1445
9246 3871 -1268 -7998
-8354 -3150 815 -7277
4454 -7665 3550 -7528
-6532 4400 3127 -7933
5170 6646 9744 -5263
-2241 -4237 -2761 8958
993 8313 2586 -4472
-2574 -4822 -2167 -7976
8729 -9144 -8523 3585
-7344 3965 -7876 -2114
4408 -7531 3028 -3463
1973 -6019 7722 4926
-665 -7158 -9481 1202
-4052 7602 6051 1807
-2834 4325 -8098 -6146
5056 1452 649 8522
6669 1054 -3569 -1112
9396 4035 1767 6267
5996 5536 7336 390
9269 -9967 -4130 7739
-9289 -5145 2834 5413
7777 1428 5082 -7968
3437 -9800 4150 7975
-7573 3155 6554 -4186
-3379 -7019 4763 -8481
290 6842 -3851 7566
-8578 -7317 8165 7776
-338 -1914 4717 -299
-7849 -8677 4094 -7484
-768 -6908 -8929 2136
100 50
4465 6005 3793 3897
-4291 -4947 3790 8591
8335 -710 4621 3895
5489 4571 -7365 -8449
-1360 -1307 5278 4482
8933 6278 -1449 -2206
2862 6314 -8318 -5690
-9933 -7412 -3558 7668
8773 1008 9734 8653
-1568 -9569 -3298 -4151
-9237 -256 14 -8702
-6426 -7860 -5217 -4594
7098 8126 2376 -4546
8623 5666 -9280 4443
-4452 1123 6511 -7964
-9701 -2393 -5559 8273
-152 6219 -6213 9843
-1748 9413 -5614 6116
6826 9548 -9188 -4638
-7087 5425 -9015 3734
-1642 -6672 -8018 1540
2086 8825 -8702 1810
2615 -9066 -6166 -8064
-4092 -6185 -5226 -7460
-9580 -1879 -6442 7778
-1209 6219 7571 -4336
-7798 -2420 -3355 -3456
7696 2384 9701 -6072
-5688 -4861 -3266 -1436
-8863 605 -1405 4332
-8982 4714 257 3978
9529 -3259 -875 -9104
5448 9576 -8417 3156
4521 1339 1963 2676
8366 -52 4840 7518
-2866 3086 3624 -9603
3663 5152 -2640 8417
-5595 -1935 964 -3225
-6570 -3960 6863 8036
-6205 4168 -7693 -2386
9237 9303 -8535 3617
-483 4698 -1954 -4304
-7072 -7164 -5337 -3937
-2785 -6225 -2011 -5001
3905 -4340 828 1719
8198 1711 44 2308
-7671 6428 9315 -5710
4176 -7957 9503 8227
-3638 193 4707 7997
9120 -7171 1874 66
100 49
6994 -17 -503 -9563
-5448 2474 -8702 3431
8179 8654 179 -2628
2663 964 -4911 9677
-6226 -1309 -2095 6074
-9197 7997 4406 -5409
-2304 -7100 1700 -3509
3925 5164 4293 -7888
-776 -3555 -3255 728
-8553 -4613 7798 51
-1547 297 -560 -9212
-9236 1868 -6650 2251
1368 3559 4387 4689
2951 9570 3204 -7775
851 -933 5066 -1036
-3958 6225 -8075 -754
2535 -5470 -223 6261
-3077 -8004 -496 -6920
9044 6292 1091 -8966
-5380 7460 -6620 -953
-9382 178 -5799 -6695
320 2420 8385 5898
4134 -3359 -1107 -3657
-1009 5174 -1637 7732
-2324 -8653 -4029 -3804
93 8723 3519 -2619
164 -7523 -6263 6303
-9970 9151 1201 -7189
-8056 -7496 2483 -1955
782 7570 7055 1920
7115 7445 -1019 -2360
-2135 7031 -8287 3794
-4539 2678 3958 9207
8657 -4635 -9841 -4922
-5420 -7630 -5418 2639
-8538 -7398 8427 2899
-2183 -9364 9206 32
1494 -3512 -8785 -4769
400 -8085 9184 725
-1754 -7875 -7504 -109
-765 -9332 -5874 5674
-9074 7018 9235 -5563
9826 7098 2924 -5079
-9288 -7209 2738 2389
8902 7313 -5693 4933
-7135 -4531 6867 -2675
-2575 -1438 -6331 584
-5770 8772 -105 -7739
-3727 -4270 5191 3989
99 49
-3258 -2776 -9151 -5619
123 -8398 5451 9430
1219 9874 1004 556
-7143 9288 -7189 263
2070 -8129 -7760 -3753
7645 -164 -5363 -4974
8907 1196 -5875 -3567
-6000 -4219 6711 1998
-6110 -131 -199 -33
3933 1877 5733 141
7153 -4525 8400 3010
4455 638 -6586 5721
7041 7743 -6490 8227
3263 3033 6430 345
-1267 2166 6113 2417
-9602 591 -4246 -7091
3680 -1012 4142 -4309
-3492 1129 -1435 4816
-689 -6734 -643 -5658
-1245 590 -9776 5052
4972 -8903 1994 4630
1143 2101 -320 -4343
591 -3132 9218 -6272
9815 354 5364 1403
-1602 4513 6651 -8627
3005 3070 -7100 2099
4702 5546 -9985 -9827
-6741 -4631 -8542 7590
3377 4291 4902 9871
1213 6998 -832 -3357
2535 -8919 2968 7154
3919 9395 7600 9964
-6696 8410 -9354 -3954
5330 -9295 150 -6974
7143 9991 -5105 4627
-8391 -4934 -6732 -9379
-3870 2178 9594 -9507
-6885 9240 -8275 -8152
8424 2664 9640 3815
-3264 3385 -9954 -9712
838 4468 1149 5610
-9793 -8744 -3397 -7526
8628 4633 3831 5538
-2676 -1298 3145 5026
-8184 2086 -7252 1352
8290 -8877 5306 -6280
5058 3791 -7993 8324
2515 4526 -4562 -9284
-3858 3214 -9368 -5463
98 49
-960 7811 -2496 3849
-3255 -7960 9712 3126
4681 4750 -1296 -6971
46 722 -9447 -5385
-9586 -9422 4043 -8588
-3480 -6037 7478 7919
-9952 -9362 9343 -8856
484 7958 108 5369
-8768 7992 -5492 -9218
7228 -3763 -731 9923
-5012 -7979 -9838 -9229
-3171 -5265 -7982 1127
1493 6366 -4684 -5815
-505 134 -9568 -6509
5030 -4084 3631 360
6747 -97 -9269 6802
1386 -2609 5794 -9608
4602 -1705 4215 5761
4450 -650 8042 2518
7087 -4730 9802 4220
3743 9700 8269 -8987
-4791 -1517 -8317 -7076
-2658 -2265 9351 8317
-3796 -1130 5531 9403
6977 5364 -2992 2529
-4724 -304 8369 -9896
-8883 -2101 -9591 2389
7234 -1323 9279 -180
-6707 -1741 5169 -1573
-5952 5313 -7603 -6597
-6288 -5482 -7654 -2216
2899 -4642 -2444 5842
-2910 -5896 -4958 4702
4915 -6484 5788 -4831
-1540 -2733 8607 -9295
-5039 4269 -5470 3576
-2841 -1673 9849 5649
-1079 7310 -9261 7159
8968 8182 -4855 6208
9987 -646 -9207 1393
-9758 -3921 5677 9402
8878 4114 4895 -826
6813 -4621 2718 5115
2870 -9989 5910 4611
-9123 1786 4890 -5146
2457 1312 3603 2423
-7069 4132 9871 -5642
4688 244 -2630 -8361
3190 -4867 7015 3693
97 30
-4607 5698 8187 7355
-4116 4643 8491 1305
8120 7103 -5852 -8200
8713 5935 9586 -4260
-3735 1065 981 -3168
9099 -2975 -5403 4523
6730 -1516 4888 -2069
-9814 -3215 4678 -900
-8094 -2369 -9103 7729
-1399 -609 3627 -8445
4370 9155 -4455 1622
-7879 -2713 3911 4218
-7274 -8388 4855 7496
5419 -9500 5059 -2345
8880 3498 -9198 4996
750 3485 -1125 794
-342 -9970 9744 912
1787 4181 4882 4024
-9668 -4704 -2871 -1038
8881 6636 -8234 -7191
-109 -3065 -9150 -5757
-1004 -9638 -8702 -6586
-9388 1144 9811 61
1787 6320 9612 1974
7059 -2337 2647 -6447
3994 -4218 -251 -9875
-4927 6141 -4404 4907
-3528 6339 -6562 -1941
3421 -2795 -2317 2287
6780 1611 9285 -4967
48 47
0 1 1 1
0 2 1 2
0 3 1 3
0 4 1 4
0 5 1 5
0 6 1 6
0 7 1 7
0 8 1 8
0 9 1 9
0 10 1 10
0 11 1 11
0 12 1 12
0 13 1 13
0 14 1 14
0 15 1 15
0 16 1 16
0 17 1 17
0 18 1 18
0 19 1 19
0 20 1 20
0 21 1 21
0 22 1 22
0 23 1 23
0 24 1 24
0 25 1 25
0 26 1 26
0 27 1 27
0 28 1 28
0 29 1 29
0 30 1 30
0 31 1 31
0 32 1 32
0 33 1 33
0 34 1 34
0 35 1 35
0 36 1 36
0 37 1 37
0 38 1 38
0 39 1 39
0 40 1 40
0 41 1 41
0 42 1 42
0 43 1 43
0 44 1 44
0 45 1 45
0 46 1 46
0 47 1 47
49 47
0 1 1 1
0 2 1 2
0 3 1 3
0 4 1 4
0 5 1 5
0 6 1 6
0 7 1 7
0 8 1 8
0 9 1 9
0 10 1 10
0 11 1 11
0 12 1 12
0 13 1 13
0 14 1 14
0 15 1 15
0 16 1 16
0 17 1 17
0 18 1 18
0 19 1 19
0 20 1 20
0 21 1 21
0 22 1 22
0 23 1 23
0 24 1 24
0 25 1 25
0 26 1 26
0 27 1 27
0 28 1 28
0 29 1 29
0 30 1 30
0 31 1 31
0 32 1 32
0 33 1 33
0 34 1 34
0 35 1 35
0 36 1 36
0 37 1 37
0 38 1 38
0 39 1 39
0 40 1 40
0 41 1 41
0 42 1 42
0 43 1 43
0 44 1 44
0 45 1 45
0 46 1 46
0 47 1 47
96 47
0 1 1 1
0 2 1 2
0 3 1 3
0 4 1 4
0 5 1 5
0 6 1 6
0 7 1 7
0 8 1 8
0 9 1 9
0 10 1 10
0 11 1 11
0 12 1 12
0 13 1 13
0 14 1 14
0 15 1 15
0 16 1 16
0 17 1 17
0 18 1 18
0 19 1 19
0 20 1 20
0 21 1 21
0 22 1 22
0 23 1 23
0 24 1 24
0 25 1 25
0 26 1 26
0 27 1 27
0 28 1 28
0 29 1 29
0 30 1 30
0 31 1 31
0 32 1 32
0 33 1 33
0 34 1 34
0 35 1 35
0 36 1 36
0 37 1 37
0 38 1 38
0 39 1 39
0 40 1 40
0 41 1 41
0 42 1 42
0 43 1 43
0 44 1 44
0 45 1 45
0 46 1 46
0 47 1 47
97 47
0 1 1 1
0 2 1 2
0 3 1 3
0 4 1 4
0 5 1 5
0 6 1 6
0 7 1 7
0 8 1 8
0 9 1 9
0 10 1 10
0 11 1 11
0 12 1 12
0 13 1 13
0 14 1 14
0 15 1 15
0 16 1 16
0 17 1 17
0 18 1 18
0 19 1 19
0 20 1 20
0 21 1 21
0 22 1 22
0 23 1 23
0 24 1 24
0 25 1 25
0 26 1 26
0 27 1 27
0 28 1 28
0 29 1 29
0 30 1 30
0 31 1 31
0 32 1 32
0 33 1 33
0 34 1 34
0 35 1 35
0 36 1 36
0 37 1 37
0 38 1 38
0 39 1 39
0 40 1 40
0 41 1 41
0 42 1 42
0 43 1 43
0 44 1 44
0 45 1 45
0 46 1 46
0 47 1 47
4 2
0 0 1 1
2 2 -2 -2
3 3
0 0 1 1
0 1 1 2
0 0 -1 -1
4 3
0 0 1 1
0 1 1 2
0 0 -1 -1
3 3
0 0 1 0
2 0 3 0
0 0 1 0
3 3
0 0 1 0
2 0 3 0
1 0 0 0
4 4
0 0 1 0
2 0 3 0
1 0 0 0
11 10 13 12
5 4
0 0 1 0
2 0 3 0
1 0 0 0
11 10 13 12
3 2
-1 0 0 1
1 0 0 -1
0 0
