10
17 2 23 12
12 18 19 16
25 23 31 15
6 33 13 28
23 30 29 30
25 17 31 21
24 35 32 34
30 32 36 39
30 11 36 13
5 10 11 18
10
25 1 33 7
2 1 8 11
11 4 17 12
3 7 9 10
31 7 38 10
26 5 35 9
18 2 25 8
10 6 15 9
22 7 29 5
31 6 39 13
20
35 0 47 12
61 0 81 29
24 0 37 6
32 0 45 25
22 0 35 7
52 0 66 13
13 0 25 29
25 0 35 20
61 0 79 11
23 0 35 18
75 0 91 13
37 0 49 14
5 0 25 10
19 0 29 8
18 0 38 19
28 0 41 8
34 0 47 3
61 0 73 11
69 0 85 19
19 0 35 17
30
8 0 28 14
26 0 40 13
18 0 32 14
29 0 43 3
34 0 53 9
53 0 64 14
12 0 26 22
60 0 76 7
65 0 75 16
64 0 83 2
28 0 44 1
67 0 81 4
28 0 40 7
71 0 90 1
74 0 84 30
27 0 46 13
59 0 73 10
28 0 40 30
74 0 92 10
78 0 95 16
40 0 55 26
60 0 80 14
65 0 75 1
39 0 51 4
5 0 24 17
32 0 44 30
71 0 86 16
23 0 36 2
54 0 66 19
61 0 80 10
0
