30
circle 0 0 1
circle 0 0 2
circle 0 0 3
circle 0 0 4
circle 0 0 5
circle 0 0 6
circle 0 0 7
circle 0 0 8
circle 0 0 9
circle 0 0 10
circle 0 0 11
circle 0 0 12
circle 0 0 13
circle 0 0 14
circle 0 0 15
circle 0 0 16
circle 0 0 17
circle 0 0 18
circle 0 0 19
circle 0 0 20
circle 0 0 21
circle 0 0 22
circle 0 0 23
circle 0 0 24
circle 0 0 25
circle 0 0 26
circle 0 0 27
circle 0 0 28
circle 0 0 29
circle 0 0 30
100
-5 -5
-5 -4
-5 -3
-5 -2
-5 -1
-5 0
-5 1
-5 2
-5 3
-5 4
-4 -5
-4 -4
-4 -3
-4 -2
-4 -1
-4 0
-4 1
-4 2
-4 3
-4 4
-3 -5
-3 -4
-3 -3
-3 -2
-3 -1
-3 0
-3 1
-3 2
-3 3
-3 4
-2 -5
-2 -4
-2 -3
-2 -2
-2 -1
-2 0
-2 1
-2 2
-2 3
-2 4
-1 -5
-1 -4
-1 -3
-1 -2
-1 -1
-1 0
-1 1
-1 2
-1 3
-1 4
0 -5
0 -4
0 -3
0 -2
0 -1
0 0
0 1
0 2
0 3
0 4
1 -5
1 -4
1 -3
1 -2
1 -1
1 0
1 1
1 2
1 3
1 4
2 -5
2 -4
2 -3
2 -2
2 -1
2 0
2 1
2 2
2 3
2 4
3 -5
3 -4
3 -3
3 -2
3 -1
3 0
3 1
3 2
3 3
3 4
4 -5
4 -4
4 -3
4 -2
4 -1
4 0
4 1
4 2
4 3
4 4
8
rectangle 0 0 10 10
rectangle -10 -10 0 0
rectangle 0 -10 10 0
rectangle -10 0 0 10
circle 5 5 3
circle -5 5 3
circle 5 -5 3
circle -5 -5 3
100
0 0
5 5
5 -5
-5 5
-5 -5
1 1
1 -1
-1 1
-1 -1
0 1
1 0
0 -1
-1 0
-10 13
-12 -7
-25 -22
11 20
11 -12
0 14
1 -5
6 -3
-3 8
-9 7
-5 0
0 0
14 0
12 -5
-12 2
-17 8
9 -15
16 -5
-18 -28
-13 -2
-6 6
12 -4
-5 -15
-2 15
-1 8
-10 -15
-6 -12
-3 -5
-11 10
-4 -2
-5 2
-15 3
5 -18
11 -4
-8 -15
-9 1
7 1
6 23
7 17
12 7
5 20
15 -1
-2 6
-3 7
2 -7
3 -17
-12 15
7 1
7 -8
11 -1
3 -9
-4 -15
16 -8
14 -4
-7 8
7 -11
0 13
14 -25
-6 -6
2 -5
2 -2
-25 7
-8 22
-4 12
-8 11
-1 5
14 13
-1 -13
10 -5
0 1
-3 -13
16 -8
-2 -3
7 2
17 -10
-5 12
25 4
0 5
-20 -6
-6 -5
2 7
0 3
-16 8
2 5
-4 -1
-13 6
7 2
30
circle 20 20 10
circle 21 20 10
circle 22 20 10
circle 23 20 10
circle 24 20 10
circle 25 20 10
circle 26 20 10
circle 27 20 10
circle 28 20 10
circle 29 20 10
circle 30 20 10
circle 31 20 10
circle 32 20 10
circle 33 20 10
circle 34 20 10
circle 35 20 10
circle 36 20 10
circle 37 20 10
circle 38 20 10
circle 39 20 10
circle 40 20 10
circle 41 20 10
circle 42 20 10
circle 43 20 10
circle 44 20 10
circle 45 20 10
circle 46 20 10
circle 47 20 10
circle 48 20 10
circle 49 20 10
100
21 27
45 14
46 22
16 15
57 20
49 27
16 10
21 14
11 23
33 23
16 27
51 28
19 16
30 18
39 14
17 17
12 17
59 14
15 29
49 10
36 25
29 24
38 11
23 28
39 11
37 14
53 26
31 29
17 21
49 24
22 25
14 24
16 17
31 20
30 27
50 28
20 15
23 16
30 13
27 15
54 26
58 20
10 12
56 20
28 10
46 27
14 14
54 20
27 15
10 12
39 28
18 15
25 17
22 14
29 19
17 22
58 29
43 29
12 21
10 25
56 15
17 16
54 13
15 23
26 17
26 18
36 11
29 13
45 29
11 15
36 29
34 26
51 23
50 13
34 15
50 28
30 17
57 10
26 13
23 27
49 16
22 19
40 22
17 13
34 15
19 22
53 10
56 22
44 19
45 28
14 18
24 17
47 11
20 11
15 16
36 23
36 28
21 27
42 12
59 23
30
rectangle -48 -177 44 39
rectangle -109 -144 233 -120
rectangle -24 -134 22 33
rectangle -47 -88 151 46
rectangle -92 -106 18 11
rectangle 58 57 91 121
rectangle -95 77 -42 233
rectangle 38 -1 114 109
rectangle -27 -157 58 -13
rectangle -82 -82 -5 -53
rectangle -6 -95 234 64
rectangle -93 -46 42 2
rectangle -185 -89 140 36
rectangle -93 -58 -79 14
rectangle -59 -135 194 126
rectangle -20 -6 8 127
rectangle -151 -17 72 2
rectangle -148 5 22 58
rectangle -105 -6 -48 70
rectangle -148 54 4 57
rectangle 67 54 101 176
rectangle -99 -24 29 168
rectangle -255 -101 -59 79
rectangle -178 76 70 91
rectangle -24 -131 281 -48
rectangle 82 -113 83 93
rectangle -145 -126 -138 -35
rectangle -36 -98 74 61
rectangle 37 -89 164 87
rectangle -11 -107 27 49
100
-29 130
162 -30
-23 88
-77 9
-212 -58
-96 120
147 -3
-64 103
134 -37
86 105
6 69
-66 -143
151 -77
-116 -51
174 -124
-197 152
36 16
53 94
-163 -178
78 -98
-30 -249
-79 61
-106 146
153 83
116 -27
16 130
68 55
51 44
-113 -6
-41 70
19 109
-142 110
-66 -30
53 93
-100 66
165 46
98 129
-207 65
61 92
71 1
-31 8
-10 118
-38 -11
-106 -72
96 10
72 46
20 -99
48 -93
-48 -90
-71 101
-17 17
-38 153
37 20
-89 43
182 40
-10 -9
-170 88
-29 -125
7 36
-120 31
28 26
-165 -17
30 53
36 110
-2 57
-161 97
56 118
140 -47
12 -126
46 -85
-48 -190
101 -192
-65 202
26 -17
87 48
117 -4
26 -63
-202 47
-5 -70
66 -94
81 -32
11 96
87 189
19 265
-129 -73
40 -126
197 87
-77 174
-57 -184
-30 -38
-170 56
109 -76
-152 8
-38 35
131 -28
168 62
26 139
-111 -43
-9 -77
-79 78
30
circle 1 0 1
circle 2 0 2
circle 3 0 3
circle 4 0 4
circle 5 0 5
circle 6 0 6
circle 7 0 7
circle 8 0 8
circle 9 0 9
circle 10 0 10
circle 11 0 11
circle 12 0 12
circle 13 0 13
circle 14 0 14
circle 15 0 15
circle 16 0 16
circle 17 0 17
circle 18 0 18
circle 19 0 19
circle 20 0 20
circle 21 0 21
circle 22 0 22
circle 23 0 23
circle 24 0 24
circle 25 0 25
circle 26 0 26
circle 27 0 27
circle 28 0 28
circle 29 0 29
circle 30 0 30
63
0 0
1 -1
2 -2
3 -3
4 -4
5 -5
6 -6
7 -7
8 -8
9 -9
10 -10
11 -11
12 -12
13 -13
14 -14
15 -15
16 -16
17 -17
18 -18
19 -19
20 -20
21 -21
22 -22
23 -23
24 -24
25 -25
26 -26
27 -27
28 -28
29 -29
30 -30
31 -31
1 1
2 2
3 3
4 4
5 5
6 6
7 7
8 8
9 9
10 10
11 11
12 12
13 13
14 14
15 15
16 16
17 17
18 18
19 19
20 20
21 21
22 22
23 23
24 24
25 25
26 26
27 27
28 28
29 29
30 30
31 31
1
rectangle -574 -5 24 182
54
641 776
-721 -545
-983 -270
-831 717
-784 -342
-836 847
-626 106
-602 713
-347 46
690 -451
-355 173
766 -160
-254 -791
-857 -322
-10 361
-935 472
-519 -522
-451 30
-666 -532
735 -996
32 252
-58 -384
-530 624
294 447
474 -7
84 294
-500 926
751 703
547 -878
-721 790
-684 -382
426 790
-418 -423
625 537
-678 -179
-329 278
667 -563
411 -837
-70 398
-372 -437
136 736
-628 -477
264 -362
-930 -406
-708 -476
104 812
-635 -850
-277 -788
827 -717
912 -251
-957 -848
-660 440
-766 795
842 -726
19
circle 589 769 108
circle -651 -640 245
rectangle -939 510 1 894
circle -674 127 104
circle -216 -146 475
circle 494 597 975
circle -975 763 931
circle -595 -562 164
circle -552 -160 396
rectangle -684 -458 -48 720
rectangle 292 -846 463 -125
rectangle -83 -271 578 167
circle -142 402 336
circle -308 584 89
rectangle -787 -311 969 -165
rectangle -970 -723 -509 -492
circle 640 957 900
circle -704 556 255
circle -823 -6 442
51
130 -94
-92 822
988 896
-382 148
723 423
-247 -395
533 934
892 955
465 523
295 208
-307 407
355 -644
885 -715
877 -662
-178 -118
999 -48
497 606
911 370
-463 -838
-302 844
-874 811
-120 834
486 892
-60 499
315 948
270 907
432 47
-954 -9
878 -526
-412 -927
-617 -558
990 633
672 -959
127 350
119 846
777 670
-177 -596
-258 729
-151 908
-179 986
-385 -360
953 731
-887 405
317 -540
321 -285
-882 -361
677 108
346 -644
821 -186
50 838
-414 588
26
rectangle 434 -818 964 201
rectangle 248 -707 397 26
rectangle -962 -333 481 -118
rectangle -372 -705 182 -306
rectangle 669 248 973 457
circle -540 122 434
circle -799 -44 84
circle 122 822 457
rectangle -91 -852 948 -803
rectangle 182 -308 221 639
circle -915 426 509
circle -356 170 253
circle -150 -114 441
circle -976 -172 777
rectangle 63 242 64 680
circle 390 844 966
circle 26 227 975
rectangle 214 -874 693 751
circle -272 992 556
circle -48 424 841
rectangle 267 -478 856 -242
circle 83 251 933
rectangle -698 -510 472 35
rectangle 572 -999 852 -221
circle 85 415 398
circle 53 520 651
24
420 953
-371 -889
401 992
6 332
181 -154
722 -998
18 894
279 11
-871 608
349 -730
417 -694
604 530
174 -615
823 856
-126 -261
234 831
222 -25
-174 742
634 622
-153 -982
-855 -369
968 344
-842 25
924 59
24
rectangle -712 -944 -125 -899
rectangle -39 -677 91 -673
circle -493 -391 820
rectangle -829 137 867 878
rectangle -920 73 -478 218
rectangle -867 -678 -57 948
circle 13 104 769
rectangle -606 723 728 799
rectangle -646 -797 -199 -381
rectangle 328 -898 868 -276
circle -1000 970 534
circle 808 902 136
circle -400 186 476
rectangle -948 -672 415 66
circle 104 498 974
rectangle -419 -599 112 -114
circle -533 481 687
circle -331 169 659
circle -595 -203 390
circle -846 -681 290
circle 433 697 621
rectangle -475 -477 498 421
circle -1 855 406
rectangle -622 -488 419 760
27
273 -490
-301 218
155 -753
481 700
-792 -480
158 -538
-913 836
-473 346
645 846
318 976
698 -902
-660 437
-159 -60
505 791
76 424
-160 649
-540 -734
128 583
780 130
-545 -297
-344 872
427 -573
-942 -298
-727 -801
878 -390
-743 -425
907 -144
13
circle -776 -511 332
rectangle 139 -268 634 -248
circle -149 748 547
circle -225 449 547
rectangle -923 -533 929 -225
rectangle -522 -434 -344 -297
circle -424 374 341
rectangle -73 -389 609 273
rectangle -532 -613 800 -535
circle -454 600 952
circle -413 -208 432
rectangle 58 -794 845 -194
rectangle -453 -625 -49 -582
10
371 248
897 374
-625 -919
231 -511
-516 -59
-640 821
-364 885
-754 -415
-427 620
387 -708
16
circle -685 102 868
rectangle -863 -790 715 -772
circle 457 540 707
rectangle -982 -107 -542 101
circle 74 483 525
circle -151 894 967
circle -38 332 220
circle -384 -16 225
circle -683 -467 878
rectangle -79 258 961 853
rectangle -975 -950 -236 887
circle -569 -331 781
circle -493 81 382
rectangle -352 208 756 899
circle -707 -460 381
circle -720 -278 460
37
-729 973
-349 -647
597 747
789 824
160 -239
314 -324
347 339
-427 716
-154 -213
-565 921
-174 -965
28 282
-360 947
45 -302
-332 882
25 -844
202 -156
-802 163
758 -351
832 -976
-960 -84
-997 -304
146 790
-75 944
-585 -365
-320 878
118 -774
137 332
-594 -919
-800 -41
-560 870
-56 -106
5 -805
-350 -833
-634 -382
-95 -997
165 587
0
