1000 500
10
1001101100101101
0111101010000110111110
000000110
1000000100101110100011010
0110
101100111000001111111110
100101
0110000100
0010
110010000101
0100111001
0111
101
01100011001100001011011
1010111100011011
110010110100010011000
00
01
101110000001110100001000
011001100010
110011001110010011000011
1101101000001111011000
0011111101011001010100
0010
111101000111
100
00111110
10011010010111
001110001000
10
0110010011
101111001100100011011010
110
01100000101110
001110011111010110001
001101101111010
0110110010111011101
10000100010
00011100010
100000110
01
0000110010101011010111
101111000111001011
1
1
100
1101010110010111001
110011001101000
10011010
10001010
001000110010
11
1110011111
0110101111010010011
110
11000101
10110111110010110100000
1110010000101001000010
0000011111010
1101111110100111000
1
10111011110
00011
11011100100
1101000001100110101100
0010110001111010
01110
000011010100
00001110011
101000111101
101
00100001001010110001
0011011011110010
101001
010010100111101010
1100110000110001111111
10
0101011000100001
0
00010000111010000010000
10000101101
00111010110111010001110
1000000100100001001010
000101111100
010000111101010
00100
100000101010011001
100110011001001010
0110110
10111011001111110100100
01110001100001111010001
10000101001011001
1100101111110010001010
10101010100100111000
00
10100000110001010
01101110010111000000
011000010100
1001110110000010101101010
0011101101
000011011000001001110
10100110101001111101000
11101001110101
000111011001100101000
010001
01
111011110110010111011
110000010100
1100011001110010110011
0100111100101110110010
100101111111100011001101
111110101
01000101001011110000
0000010111
00001
1011100100111100110001010
001011111
0000010001010111010101101
01
0111
1
110100
110110111000
00
10
11110011001
000001111110
010011100111010001101
1100101001
10011011010010010010111
1011001
010011
01000110111010110011000
001101
0000011000100100110011001
01100101001101111010
1100011
00101000111100111
1100001
11001001
01011110110
00001110
101010001010100100001
10010
111
000100011010111100
0100101010001001100100110
00
00001000011000
1101000100010001001000
10101100110110010001111
000000100101110101010
00101011
010101001100001110100
111010110001010
000010110001
010011010000010110
01100001
1000000010010011010
001111101
0001110
011101000
1101010100
001111010000110110001110
0101000100
010001
011101111100010100010010
00001000110000011101
0000111000110101000001100
0
0111011100111
0011101110110000100000
001100011110
0
1000111011001111010101
000100100001
001
11010011011001
01001011000000110000
10110011
00101101011101101100011
01111
100110110010
1010101111000
1000
1
01111100011100111
0010
01101101100
01
11001111001110
00
1010101110101
100110101
10110110010100001110100
11010101101
10000110010111001
1011
10100110001111111111
11110
10
1111110111100000110
110100001010
101
101101010011001001110111
1111101001
1110011101011100101100
00000111100110000111001
1
10000011110000011
11110
000100
0010111111111101011101100
11011111011010
0110100
0011100110000010
11011100
000001
1100001111111101
0000
0
01111000
10110101
0111010000110
00100101111011001
0101001111
1
1
001000101010001000110
1011111111010
101010110010100010
1110100101011101110110
01111011110
111
010011
0100010111111010
11010100111101010001
01101100001101010
0101100111010110000111000
101000010100000011000100
10010
1111111000011101000
110100111110001010010011
110
0110
100001001
101111101110
10011010100110110
01
01010011000
00010001000
100100100010110101
0000010100001110111101
001111011101010011100
10000101001111
01000011011101010000001
110111100110100110101
010100
0000010100
00001000010
100101100001
1001
111011101000000000010
00001000011
001111100001
11111
011011
10001100100001011
001001011101111001110
11010110100110001011
0110000101000
10000000
011
11010101
0011110100101000110000110
011000101010101010
1100011
000101011
101001001110101001
0110001110000101
0100001110
0011100111
000101
11000011111111000101110
0000111
00011011110110010101101
10011101001101111
0110
1
000111010
100000110010100
10101000100001100010101
00001
10011101
1110
001110110101101100010100
0100010110111001111100011
00000111010100001
101101111001010100010
01
0001010
0001111000010010111010101
110
1000001011000011000
1110111011110010011
1
10
100110111101100
111001101110
10110000000000101010000
011111001
01011011
1000010110111011100
01
1010011
011101000
0010110
10000110010011010000110
1011101
10010011110111000
10101011001011010110010
1001001
0100111100000000100111010
01100111
1101100110101001011000
1111100111
10
10010110000100
111010001
0010011001010
000001110
00011010101100
1000111
101110000111100
01000
10000100101111001000
11110101011001011010
10
010
1
1011111101100001001110100
110000
00000110001100010100
101101110000111100
11111100110010
10110110010101111100011
1100000100
1011
100
101111010011
10000101010100001110011
1
10101011010111111
10110011101111
0011100100011101110
000001001111
011111001
1100101100101100110000110
1111001011010
10100
0001100110101000110000101
1011101110
11001010
0110101011
010110111111000
000111110011101110
0001001101011110
0110011100010010
111111010
111001111001110111000110
1001
1101100101000001001111
100
101110011101
0011000010
01010000101010111
111100
0
10000
111000001100011
111101111011000001100000
010000111001
0100001100110
0101110001110
011000111110
1001
0000100010010001001111
0100101000000010
101110000
11101111100
11
11110111
10011101101110110
1010100101111111010
010
11101111111010
10010000
11010100100
1000011000001100100111011
010011110011011001
011001000000110
00
0100101100000111000100000
11011110101
1101110001010110
001111001
0110111010110010110000011
00000010
1001
0101101001111000011
1011010100111100101110
1111010111000001
101101111111010
00010001
10100101110
1010011110
0000101000100011000011
0011000111
00100001100
1110101001
0111100100011111110011
11110
00110010011
11001010
001110010111111011100
1111111
1110011110001011
1110101110111011100100
000011011
1011110010010
001011010
00010111100
001100101
01111011000
100001011111100100001001
11110000000001011100
001100000000010110
01001110101100
110110101110101001
1001010
100110011101011
0001101010000
011110101111100
001101000
1001110011000
0101
1011
10001100
11100000110100
01000010
1
110100101101000101001
100011001
1100010001111000010010111
00111100110000000110
01101100
0011101111010111
001100001111111
00000101011
00101100110
10101011
0100000101
1
100010100011110110011100
1111000111110
00000101001
0011100001000000100111101
0100101010
00110011110
110101010110
1011011000011
001001001
1001110100111000101
1
100101
01111001001
011100
0000011001101101000100
0101110010110000100011
00111010
1010
011101011110011110110000
00000110000011100000
1010001
1010100000101101
000100
000010110011101010
1101011110110110
101100010111111111
01110101001101100011111
110
10
101
011100011101111011111110
111111110111010111011100
0010001001100110100111
1001000011010001010110110
01110100010010010
0100
00000000
0000111010000001111111
101110110001000
011001110110100
101000010001100
111001001001
1011011000000001
01101110110110011101
001010000000100011
011010010001010
10101
1001011100110100100
0101011011111011
101010011111011101110010
100110010010110
0100001001101000
00101010101110101001
0101010101111
000101001001010011001
101011
10101100111
10011
0101111001010000111011
01010010111001101010001
1
0000101100110111000
1001001
100011110110000110
10010101010100110
111000101
000
0101110101101000001110
1001101101
000110110001100011
001111
110000001111111000
01101111100100
111101010011100
0111110111000100110
1
01000011
1000
100011110100
0100110011101000100
111110100111110001100
1011100
1101101
001101011110
001000001010011110
0110001110100
10001101100001110011100
00101011100000100100
1010110111010
0001000011001000101000
00010100110001001000111
001101111100
0111100100100011110111
10110001110100
100101111010100010011100
111011001110000000111
0110000011000000
1
1011111110100
1011111110100011011011
11010001011101110101100
001001000010
011110010100111
00101110111000111
111010011000000
1101011111001110101
1001
0100101011111110
1001011001111001
001101001
10001100
01111011001011011
0100101000101011001010
01010001101
011111001011000
101100000111110001
0
000101011
1111000110110011001100101
0000111111010000111
01011100
0000100111101
001101110
1101100111100011011010
100110110100
1101010010011001001010001
10001
000000
10110101010111010
100100
10000011101110010111111
1001001
0
1001100011010100001
10101110
010111000100100
0110001
100111101
11011001101101110011001
00001001101001
00001000
10001
0100000010011
0100001111101
00000000010000010
1
1000100011
0001111
1111010001000
1110110110001111110
001001100101011000
0011011011101101010
01100111110
11011010001110011111
1111
1110011010
1110000111
000011
0011000100100011000
1110110101111100000110
00000100010100
0100111100010
0001
00000011111
11111001110010111
100110011100111100
000100
001111001110100000110011
0100
1010011011110010110001
11011110001111111010
101101011100000111111111
0011011000100110
011000000100011111011
10110
0101001000
01100111110
10011101100
101111010001
0110100010011001001010
101001110
110
000011100010001
1
00001010011001110101
00110111
110101000100101
111010000
10001110
111100111
00101011101110
1
10101
1
1011
00110010111101110101
101101001000100
101000100111100000
0111111010110010000
0111100001101000101011010
11
0110111100110100111100
001101100
1001100
1100010010110
1100
101000101
1011110000011101110
1101
011110
11111000101101100
01001001
10110110100
1010010000101101010
1
110001000101100011001000
10111011110011011
01111001000101011
01011000011101010101
1000110000100010
010000
00
011001110101101111
011011100110110
01101111100010001101
11110110000
100
0000011110001011101011
100
1110
011
100100010001110110100111
0001001111110100001100110
01010011111000011000011
111100
0001
01110100000110110
1111011001010000011000001
0100101110011000001111010
011111101011011
110011110000010101000100
001100110
100
001010011010
0001110100010001
0101110000111110111
0110010000
0000100
0010110111100
10111
11
111010
001
10011000011111100010100
010001
00000
111101
1111011111100101110011111
101101
10010000
110100
01110110101
000010011001111010011000
1000011
1010100101000
010110010111010111011
01100011111110101
100
101111100
01000
100010110011
0
11010
000000011
001010
10101001101010
101111111000111
1101
10011101010100
00111100111110001010010
0110000110111111
0110100111101000011011
010
10101010001
0111010001001010000100
1111
11
010010101110111010100110
00101
000000101110010
001110
000
01
1111001100011111100
0110
0001101101011101010011110
10001101001111100
1110011010101101
0010100111100100000
1000101010000010011
11001110
11110011000100000010
001110011110111011111001
1110010000101110100000000
0110011000001
100101101000
0
000010
0011
100010111000000110010111
0110011111001101000100110
111111001010110
1011100001110
10011100000010100010
110101000000110001
000011001
10011101
1101010010101010
1100000010001010101010011
1110
1001010
1100010011
10001000100101011110110
011110000100011101
1000111100111000110
1
100101001101110101011111
001010000011111
101100111
0011010010101100
0
111
00101010111001000111
1101001
10000101100000001000100
00001
0111010100010111011101111
1
0001011001101011101001
101001011111110
1000000111
011001000001
011000
0
001010110
1000000000011101
1110110011101010
1010011111011011010101101
11100
10011110001000110111100
0101001110010101000110101
001
11100011101100111110
1111010011010100101110
0
101
1111
1111010110001110101100
000001001110010111
1010100010
101
001100
11000111001011000001
01111001000001
10011111
011101100011
111101
011111001001110001
1001
011100010
0011000010001010111001
101111000111001000111
01001101001010
010010
0110001011101111011
000110000000110
01010011011011
011111110010110
11111001010110000000
110111110011011100
00100001010000101111000
1100001111101010010111111
0100
01001001100001100100101
01111000100
10101
0101101110100011001101
10010000
110000111001010100000
01
001011
11
001
1110101110000
011011111100100100
001011101
0111100111
101111110101101
110
00110110001111
10101
10101001111010100110
1111
00010111100111000110
111000111101100101010110
0001001110100000101100011
0111001100011001110000000
111000
000001011100011110100110
100
1001011
0011
11011011111110010011
10101100
00111101010001001010111
11
0110010000011
10010000001110000111
101111101101100111110111
01
01100110011010
101001010011
00000
11000000
01111001111001010110010
010011001110110011111011
011010
000101110001101011
1100001
111
0001000011001
1
01
1111011110
111010
0101000
10100111100010011111
010110101001010111010
10001110001000
00100111001101
01
00000110111001101110110
010011001110011
100101011101001
00111101110011
0110111001010100
01011011100010000011100
0
000011111110100011
01011010100
0100010100111000
0001001011111001100111
00011011101011001100011
11010000110
011
1100010001
0001001011100
101001
011111111110011111110
0
001110110011000
11001001111
11
101101000
110011111111101001000101
0100111100
000111111010101000111
1100010101000001100000
001100111101
01111101
0111010011
001
00011001111111
110010000100111
101
010000110001000110111010
0001101011010110
001111110001
11001100110
0110110011010010
111110
01
011101101110
110
1110000100000111000000001
11001110011011110100
11010
01
1111000
1010100
11000100100011001110
01110100101001100
100000110010011
000
011
110000100101101010101110
101100111001110011000
10001
10010011010
1
101001011111
10110111
101011011111110100011110
11111
1110100101001101001
1010101
110010001011001101001
101010101011011100
11111011001
001011010101111
010
1000100100101011
0011100100011000110111110
110100
0101000110000011101
1110011010010111001011000
110000110011101110111101
01110100010000110100
10001010001000011
00101000
01110110101010110010
00101011100001
111101001110001
001
0111001
0011111000000111001000010
1101011000110011101100010
00110101
10001010010
010111111011
00101
0101110
11000011101000111
1100110010
00110010011001
1100111011001111000011110
1110001101011
1100110110001110100
010
11
1011011
111110011
10
10100111101111011110
1
110
111101100101
001110
1
1
0101010
11100
0100101010111111001100
01011000
011101011111010
0111
01
1110000111101111010001
1100
0001111010
11101101011111
110
1100011000111
001101101000
1
0001
01010110
001111100010001101
01001100111
1001011010110
01101111111110100111
010111010001010001
1101
10
1
00010010
10110101101100110110110
1100111010010010010010101
100011010101
10100010
1101010111010110
1010011
10010
100100
0111100100011101110
001010
10110100100
01011011110
01100110100010100010110
00111
1000100001000000001111010
00011100
101
1011101010
1110001111
01100100000001
01
1100001
011
0110011011001
0
01110111010
101001100101100110000110
0010010010111011101
11000
0000000
01110
0001101100
1011
0
0111000110
011011
000010
11001011
1100
010110111111000
10101000000000
0100
1010
111010111100
110101111110100110000
1110111101011111
1
01001100111111
000011010100
10001011000001
011001001101011011
011110111110100100
01101000
1101110100
011101111
111
11
100011110110010101011
00001000101
00001
011
001000111
00101
0111110100
110
01100010
11111
10101010101110101001
0001111
0010
101111
11
00110001000
1
000001100011
10
1111110
00010
00
1101011101001
0
010011000
1100001111111101
0010110011011011
1110101101
110100
1111101110111011100
01111111010
10010100110011101011100
100
10110101010111010
000010000110101110000
01
10001111100
1100001
1
0
000011111001100100011100
111010
110101010
1
110110000100
0
11001101
0001110101011111111100
0111010
101011010010111
10001
0111011010100011000
00010000001010001
1101101111
010010
1110111000111011001010
110100110
111000111011000000
10011001110101
0
11111101100010111
100100001001
11000
1010010011
0011000001000100111011000
0110
000011001111011001100110
111
0001
01000111001010011
10
111
1101
10111111110011011
000001110111001
00100001000101111
100101111011010101
0010
100111110
10000101
111010011010100111000
100001110100
111111011100110
0111100010
0100111
1
0001010100000110000
110110
11
000011100101
1
0100
1
0100011010011001
1010001011101
01000
11101100
00
010000
1110
10011101100111
00110001000100110111
011001110100
111
1110000010100000
10111
00000110
01111001101000111
000110001
00111001100
111111011
11
001100110111101000
00
1
000011
010100
1100101000000010
1100
01
0
1011
10010110000100
10111001100111
100111101
0001001
010100
0110001011101111011
010000010
10
0001010101111
111
10100100000011
011010111101001001
11010
11001000110000010110001
111
1011
00101001101110
101100
010
10010
01000011110101111
1010
111110010111001001
1
001101001111
1000101000000110001
011
1010
111
1011101011111111100010
010111011
110010100101
0001000100111
10111
100111
001101110000111100
10010101100010010
000011
00000
110
00011100001011101000
0001100010101100101101
0100001110010000
10001101
0100011000
11111100000110010
01110111011111100
100111101011111111
111110111
011011100110110
1
011
0111011101
00101
001111
1100
011011011001
01001111
0
0010011000001
010111
11100010001101111
0011111111010000110
110010010011001001
0101010111110001100
10000110001000110
1110
11010111001110010101010
1
100
111000001111100
1101100001101010
110
10101100110110101100011
1001101000010001101110101
1000
000
100111
1111001101
0001
10110
011111101110010100
1
10011110101010
0
001000000110
01000111000011100
101000101
0
10011010100110110
1
0
0010110001
000011111101
100001001111
01000011001
011
00010110101001111001101
0011
11
1110001
011
0011
0101110
010111
0101101111001011001
1100100110
1001110100110
1101100101000
10110010
0101100101
000
11010
1111101001
0001111
11
000100110
10101100010101000110
11010101111110000011101
11
1010
11101111010100110011
0101000001
10000110101100
11000111101100101010110
10011011010010010010111
1
0011101110110000100000
11100000
0
1
010010
0110110001111
110110101100110100010
01
10
11011101000100
101110011101
001101101011101010011110
11011000001110000
0011011111100101110011111
1101110110
10111000
010000110
001011010
11101010110101011010
1110
111111110
1010001100011011
0
1110000111
0
01
11110000
100010
110010011110
01100011101011
001010000111011
10000000110011
10001101000011101011110
01010001
1111011111111001
10010
100110011001
100101010100001110
11110111
10101
010
00
001111001
11000000100011111011
10110001001011001110
1
100010
111100101010
01
11100101011000
011001
0
0000111101
1010110011011001000111
00101001
0101010110001000111
0101
00111010
1110100111010
111
1110100110000101101010010
110011100
110101000000
010010101010010110101011
1
0001100
011001110111
10100000110110
111101001
10011001
001111010011000
0
100111
1011000101110
0110001110101
0100110100101100
0
101110000
11110001010
10111
0100000110001010
01000001000
010110110110110001000
10100010001
10
0
00
1
01
10000110001
110101010
1001010010100010011111100
1110101011
01110001100001111010001
111
1001000
1
00110001100111000
11000111110100010
0011
1010101000101111101000101
0
01001011000000110000
10
1001
01110010000100010001111
01
001110000101
0011
001100
001011001011000110100
0110001111
01111110001011
010101001100001110100
010
0101101000
0
0100000000
010011000
11101011000111111
0111010
1011
000
10001101010001100
1001000
0101000011001001100
00000100101110101
110
111100
1
101001110000011001100001
111101010
10110100101011
1011111101111010
100101
0101001010
0011110100010011000
1011110011
1001111001110111001100
01
00000100011110110
10100
00101111001110001010
011001010100
0
00010
0001000001
011001010010111111
10010
0001110101000011000
1001
00011101000111
0001001111001101110111
10100001010
