1 0
1 1
2 3
3 8
77 5193
16 198
46 1706
33 483
34 1087
20 154
42 1593
64 3966
31 705
36 713
41 748
31 228
13 79
27 108
19 118
74 4663
5 1
99 6582
23 118
74 394
164 3407
529 222349
891 791940
456 180434
63 2786
400 78606
122 13405
256 4533
551 244821
881 706991
644 259751
835 229869
913 492510
175 11761
404 29406
820 457949
939 631837
209 39854
272 12771
9385 80704002
8190 59704596
8891 48933406
3979 11287448
6838 12203352
6558 32139637
8752 61704234
2713 4752840
3917 431067
362 4618
1754 2881231
3877 14541061
7016 34011207
6481 28922984
1829 1856221
9257 10372635
3037 7964385
6412 27056170
7554 25516257
87828 626756992
58634 924067373
78197 3561799061
7690 24114253
28518 445234813
29440 11153188
43791 534781961
65233 298542828
37653 1354293362
47024 837598708
19778 170723012
74077 2837244050
55209 1787683391
93635 8007369807
53436 113151229
34485 456295933
40249 1051857560
14438 198508301
90412 7970228420
893795 431211079300
686312 306902335163
604962 60997713412
883964 613193493691
819838 124048256099
598214 213173591694
976670 833958132000
241471 6836116529
632713 373295419843
603681 332203236890
1000000 51526283321
1000000 488828181263
1000000 169093223021
1000000 873125637855
1000000 27354877422
1000000 146544719998
1000000 600500666441
1000000 415112490023
1000000 1000000000000
0 0
